8030,8740
10880,7960
10750,7860
4170,5180
8200,9020
10700,7840
8570,9380
8300,9080
8090,8820
8190,8960
4050,5060
8170,8900
10830,7940
10900,7940
10800,7900
8080,8780
8140,8840
8230,9000
8610,9360
8590,9400
8550,9320
10820,7920
8550,9360
4130,5160
8210,9000
8510,9300
4050,5080
8610,9420
8560,9380
4080,5120
8140,8940
10680,7840
8030,8780
8190,8980
8240,8980
10870,7980
8550,9340
10640,7800
8140,8880
8600,9380
10730,7880
4090,5140
10840,7920
8350,9140
8670,9440
8160,8980
8310,9080
8070,8780
8200,8960
8520,9280
10630,7820
4130,5140
8490,9300
8170,8980
8280,9060
10720,7840
8230,9040
8450,9240
8410,9220
8210,8940
4180,5180
8180,8920
8240,9000
8000,8720
10680,7860
10630,7800
10640,7840
8580,9340
4140,5140
8150,8940
8630,9400
8050,8760
8370,9140
8320,9120
8520,9300
4090,5080
10700,7820
10840,7940
8170,9000
8150,8900
10690,7820
8220,9000
10790,7880
4070,5080
10860,7980
8510,9280
10830,7900
8530,9300
10730,7840
8070,8840
8190,9000
4160,5160
8180,8980
10910,7960
8470,9260
8220,9020
8080,8800
10850,7960
10810,7880
10760,7880
8060,8780
8440,9240
8090,8800
8000,8740
10790,7900
8010,8760
8160,8900
8230,8960
10890,7980
8420,9180
4060,5080
8090,8860
8020,8740
8490,9280
8170,8960
8040,8760
8600,9340
8160,8940
8090,8840
8130,8940
10810,7900
8130,8840
4040,5080
8110,8800
8470,9240
10670,7840
8420,9220
8680,9480
8050,8800
10880,7920
4110,5100
8430,9240
10850,7940
8120,8880
8290,9080
8100,8820
8500,9300
8670,9460
8400,9180
8380,9180
8590,9340
8170,8940
4130,5120
8060,8820
10850,7900
8180,9020
4120,5120
8650,9440
8550,9380
10870,7900
8300,9100
10800,7880
8570,9360
8050,8740
8610,9380
4190,5180
10770,7900
8060,8760
10610,7820
8120,8900
8010,8720
8690,8700
8620,9420
8370,9160
8150,8880
8400,9160
8360,9140
10620,7820
10860,7960
8210,8980
10770,7860
4080,5080
8130,8920
8080,8820
8560,9400
8390,9160
4060,5100
8210,9020
8290,9060
8450,9220
8250,9040
10930,7980
8190,9020
8240,9040
10780,7880
8370,9180
8260,9020
8580,9320
4110,5140
10790,7920
10840,7960
8310,9100
8230,8980
8540,9340
8070,8800
10840,7900
8580,9360
8110,8820
8500,9280
8570,9340
8460,9260
8660,9440
8220,8980
8360,9160
8380,9160
8200,9000
8220,9040
10690,7840
4180,5160
8660,9460
10890,7940
8040,8780
8150,8920
8500,9320
8100,8860
8260,9040
8390,9200
4100,5100
8130,8900
10910,7940
8120,8840
4120,5100
4050,5100
10850,7980
8200,8940
4080,5100
10670,7820
8260,9060
8140,8900
8110,8900
8190,8940
10740,7880
8620,9400
4080,5060
8530,9320
10700,7860
8040,8740
4060,5060
8570,9320
8340,9140
8430,9220
8130,8880
8430,9200
4110,5160
8210,9040
10820,7880
4170,5160
10610,7800
8010,8740
10870,7960
8080,8760
8140,8920
10740,7860
8030,8760
8250,9020
10590,7800
10750,7880
8260,9000
8330,9120
4040,5060
8490,9260
10710,7860
8180,8940
8520,9320
8670,9480
8600,9360
8540,9320
10660,7820
4030,5060
10900,7960
8270,9040
8200,8980
8130,8860
8140,8860
4150,5140
8590,9360
8620,9380
10730,7860
10640,7820
4090,5120
4150,5180
8180,9000
8240,9020
10710,7840
8420,9200
8540,9300
8100,8880
8120,8920
10920,7960
8270,9060
8610,9400
10890,7960
8630,9440
8560,9340
10650,7840
8210,8960
8110,8880
8250,9000
8590,9380
8410,9180
8350,9120
10850,7920
4100,5140
10920,7980
8160,8880
8070,8760
8630,9420
10870,7940
4120,5140
8050,8780
8580,9380
8320,9100
10900,7980
8480,9280
8150,8960
8690,9480
8680,9460
8200,9040
10770,7880
8400,9200
4140,5160
10910,7980
10830,7920
8070,8820
8080,8840
10690,7860
8100,8840
8480,9260
8160,8960
8560,9360
8530,9340
10600,7800
8580,9400
8560,9320
8020,8720
10860,7940
4110,5120
4150,5160
10820,7900
8380,9140
8110,8840
8440,9220
8460,9240
8030,8720
8280,9080
4120,5160
8120,8860
10680,7820
8190,9040
8220,8960
4100,5120
10940,7960
8410,9200
8040,8800
8120,8820
4130,5180
8110,8860
8570,9400
8640,9440
8060,8800
10860,7920
10720,7860
8530,9360
8100,8800
8640,9420
8520,9340
10760,7860
4070,5060
10940,7980
8350,9160
8180,8960
10810,7920
8160,8920
8650,9420
8510,9340
8470,9280
8540,9360
10780,7900
8340,9120
4020,5080
8360,9180
8230,9020
10880,7940
10870,7920
4140,5180
4090,5100
4070,5100
8170,8920
8390,9180
4160,5180
8250,9060
8690,9460
8510,9320
10620,7800
8540,9380
10660,7840
10800,7920
10820,7940
10880,7980
8600,9400
4030,5080
10650,7820
8450,9260
4000,5000
4010,5000
4020,5000
4160,5000
4080,5000
4070,5000
4140,5000
4030,5000
4170,5000
4150,5000
4000,5020
4010,5020
4020,5020
4030,5020
4120,5020
4070,5020
4110,5020
4130,5020
4150,5020
4160,5020
4040,5040
4050,5040
4030,5040
4020,5040
4010,5040
4000,5040
4060,5040
4070,5040
4080,5040
4110,5040
4010,5060
4100,5060
4090,5060
4000,5060
4100,5080
4110,5080
4130,5100
4040,5100
4140,5120
4070,5120
4050,5120
4150,5120
4080,5140
4160,5140
4170,5140
4090,5160
4100,5160
4120,5180
4110,5180
4100,5180
10660,7800
10650,7800
10580,7800
10680,7800
8680,8700
8000,8700
8670,8700
8010,8700
8020,8700
8030,8700
8050,8700
8040,8700
8060,8700
8040,8720
8050,8720
8070,8720
8090,8720
8060,8720
8080,8720
8060,8740
8080,8740
8070,8740
8090,8740
8020,8760
8000,8760
8090,8760
8090,8780
8020,8780
8100,8780
8010,8780
8030,8800
8120,8800
8140,8820
8130,8820
8050,8820
8060,8840
8150,8840
8070,8860
8080,8860
8150,8860
8160,8860
8090,8880
8170,8880
8080,8880
8180,8900
8100,8900
8200,8900
8110,8920
8190,8920
8090,8920
8220,8940
8240,8960
8150,8980
8170,9020
8180,9040
8240,9060
8230,9060
8300,9060
8220,9060
8200,9060
8270,9080
8320,9080
8260,9080
8040,9080
8010,9080
8050,9080
8330,9100
8290,9100
8340,9100
8280,9100
8060,9100
8520,9100
8680,9100
8360,9120
8310,9120
8370,9120
8380,9120
8390,9120
8420,9120
8390,9140
8330,9140
8400,9140
8410,9140
8430,9140
8410,9160
8420,9160
8340,9160
8430,9160
8430,9180
8350,9180
8440,9180
8440,9200
8380,9200
8370,9200
8450,9200
8360,9200
8400,9220
8390,9220
8460,9220
8470,9220
8370,9220
8420,9240
8410,9240
8480,9240
8490,9240
8500,9240
8500,9260
8440,9260
8510,9260
8430,9260
8420,9260
8460,9280
8450,9280
8530,9280
8540,9280
8550,9300
8480,9300
8560,9300
8570,9300
8600,9320
8520,9360
8530,9380
8550,9400
8540,9400
8600,9420
8660,9420
8590,9420
8580,9420
8560,9420
8680,9440
8620,9440
8690,9440
8610,9440
8440,9440
8650,9460
8640,9460
8630,9460
8490,9460
8150,9460
8500,9460
8660,9480
8650,9480
8640,9480
8630,9480
8150,9480
8190,9480
8170,9480
810,11300
820,11300
800,11300
790,11300
730,11300
760,11300
770,11300
780,11300
740,11300
720,11300
800,11320
790,11320
780,11320
730,11320
760,11320
750,11320
770,11320
740,11320
720,11320
700,11320
760,11340
750,11340
770,11340
780,11340
740,11340
730,11340
720,11340
710,11340
700,11340
790,11340
730,11360
740,11360
750,11360
760,11360
720,11360
710,11360
690,11360
700,11360
680,11360
670,11360
720,11380
700,11380
710,11380
690,11380
730,11380
680,11380
670,11380
640,11380
660,11380
630,11380
700,11400
690,11400
710,11400
680,11400
640,11400
630,11400
670,11400
620,11400
650,11400
660,11400
690,11420
680,11420
640,11420
650,11420
710,11420
620,11420
630,11420
670,11420
700,11420
610,11420
610,11440
630,11440
620,11440
690,11440
700,11440
990,11440
680,11440
640,11440
650,11440
660,11440
610,11460
620,11460
710,11460
700,11460
630,11460
690,11460
680,11460
670,11460
720,11460
820,11460
630,11480
620,11480
690,11480
670,11480
610,11480
640,11480
660,11480
680,11480
920,11480
800,11480
