460 3026
450 3026
440 3026
150 3026
20 3026
720 3046
710 3046
700 3046
730 3046
690 3046
760 3066
770 3066
750 3066
780 3066
740 3066
800 3086
790 3086
810 3086
780 3086
820 3086
830 3106
840 3106
820 3106
850 3106
810 3106
860 3126
870 3126
850 3126
840 3126
880 3126
890 3146
880 3146
900 3146
910 3146
870 3146
920 3166
910 3166
930 3166
900 3166
890 3166
940 3186
950 3186
930 3186
960 3186
920 3186
970 3206
960 3206
980 3206
950 3206
940 3206
990 3226
980 3226
1000 3226
970 3226
1010 3226
1010 3246
1020 3246
1000 3246
1030 3246
990 3246
1030 3266
1040 3266
1050 3266
1020 3266
1060 3266
1060 3286
1050 3286
1070 3286
1040 3286
1080 3286
1080 3306
1070 3306
1060 3306
1090 3306
1100 3306
1100 3326
1090 3326
1110 3326
1080 3326
1120 3326
1110 3346
1120 3346
1100 3346
1130 3346
1140 3346
1130 3366
1140 3366
1120 3366
1110 3366
1100 3366
1140 3386
1130 3386
1120 3386
1110 3386
1100 3386
1140 3406
1130 3406
1120 3406
1110 3406
1100 3406
1175 3421
1165 3421
1185 3421
1155 3421
1195 3421
1195 3441
1185 3441
1205 3441
1215 3441
1175 3441
1215 3461
1205 3461
1195 3461
1225 3461
1235 3461
1235 3481
1225 3481
1215 3481
1245 3481
1205 3481
1245 3501
1255 3501
1265 3501
1235 3501
1225 3501
1265 3521
1275 3521
1255 3521
1285 3521
1245 3521
1285 3541
1295 3541
1275 3541
1305 3541
1265 3541
1305 3561
1315 3561
1295 3561
1325 3561
1285 3561
1325 3581
1335 3581
1315 3581
1345 3581
1305 3581
1345 3601
1355 3601
1335 3601
1365 3601
1325 3601
1365 3621
1375 3621
1355 3621
1385 3621
1345 3621
1385 3641
1395 3641
1375 3641
1405 3641
1365 3641
1405 3661
1415 3661
1395 3661
1425 3661
1385 3661
1425 3681
1435 3681
1445 3681
1415 3681
1455 3681
1445 3701
1455 3701
1465 3701
1435 3701
1475 3701
1465 3721
1475 3721
1455 3721
1485 3721
1445 3721
1485 3741
1475 3741
1495 3741
1465 3741
1455 3741
1495 3761
1485 3761
1475 3761
1465 3761
1435 3761
5360 6000
5350 6000
5340 6000
5330 6000
5370 6000
5340 6020
5330 6020
5320 6020
5350 6020
5310 6020
5320 6040
5330 6040
5280 6040
5300 6040
5310 6040
5300 6060
5280 6060
5290 6060
5310 6060
5270 6060
5280 6080
5290 6080
5270 6080
5260 6080
5250 6080
5260 6100
5270 6100
5250 6100
5240 6100
5230 6100
5250 6120
5240 6120
5230 6120
5220 6120
5210 6120
5210 6140
5220 6140
5230 6140
5200 6140
5190 6140
5200 6160
5190 6160
5210 6160
5180 6180
5100 6180
5090 6180
5140 6180
5140 6200
5150 6200
5090 6200
5130 6200
5080 6200
5100 6220
5120 6220
5110 6220
5130 6220
5090 6220
5090 6240
5080 6240
5100 6240
5110 6240
5070 6240
5060 6260
5070 6260
5020 6280
5040 6280
5030 6280
5000 6280
5000 6300
4990 6300
5010 6300
4910 6300
4980 6300
4960 6320
4950 6320
4940 6320
4970 6320
4930 6320
4910 6340
4920 6340
4940 6340
4950 6340
4930 6340
4920 6360
4900 6360
4910 6360
4860 6380
4850 6380
4750 6400
4690 6400
4730 6400
4720 6400
4700 6400
4710 6420
4720 6420
4730 6420
4650 6420
4740 6420
4720 6440
4730 6440
4710 6440
4690 6440
4750 6440
4730 6460
4690 6460
4720 6460
4710 6460
4750 6460
4730 6480
4720 6480
4750 6480
4690 6480
4770 6480
4720 6500
4730 6500
4690 6500
4750 6500
4700 6500
4720 6520
4730 6520
4750 6520
4670 6520
4690 6520
4740 6540
4690 6540
4710 6540
4720 6540
4730 6540
4730 6560
4750 6560
4720 6560
4690 6560
4710 6560
4730 6580
4720 6580
4750 6580
4690 6580
4740 6580
4730 6600
4720 6600
4690 6600
4750 6600
4770 6600
4720 6620
4730 6620
4620 6620
4710 6620
4650 6620
4750 6640
4730 6640
4760 6640
4770 6640
4720 6640
4730 6660
4720 6660
4680 6660
4710 6660
4690 6660
4730 6680
4690 6680
4720 6680
4620 6680
4660 6680
4750 6700
4730 6700
4720 6700
4710 6700
4690 6700
4730 6720
4720 6720
4690 6720
4750 6720
4680 6720
4730 6740
4720 6740
4750 6740
4690 6740
4700 6740
4730 6760
4720 6760
4690 6760
4700 6760
4710 6760
4750 6780
4720 6780
4690 6780
4730 6780
4710 6780
4720 6800
4690 6800
4730 6800
4750 6800
4740 6800
4720 6820
4730 6820
4680 6820
4690 6820
4770 6820
4730 6840
4720 6840
4690 6840
4750 6840
4770 6840
4720 6860
4730 6860
4760 6860
4750 6860
4670 6860
4720 6880
4730 6880
4750 6880
4740 6880
4770 6880
4720 6900
4730 6900
4690 6900
4680 6900
4740 6900
4720 6920
4730 6920
4690 6920
4770 6920
4680 6920
4690 6940
4730 6940
4720 6940
4670 6940
4750 6940
4730 6960
4720 6960
4690 6960
4670 6960
4750 6960
4690 6980
4720 6980
4730 6980
4750 6980
4760 6980
4730 7000
4720 7000
4750 7000
4680 7000
4740 7000
4690 7020
4730 7020
4740 7020
4720 7020
4680 7020
4720 7040
4690 7040
4730 7040
4680 7040
4710 7040
4730 7060
4720 7060
4690 7060
4680 7060
4740 7060
4730 7080
4690 7080
4720 7080
4740 7080
4710 7080
4720 7100
4730 7100
4690 7100
4750 7100
4770 7100
4730 7120
4720 7120
4690 7120
4770 7120
4750 7120
4730 7140
4750 7140
4720 7140
4690 7140
4680 7140
4690 7160
4730 7160
4720 7160
4750 7160
4740 7160
4730 7180
4690 7180
4720 7180
4680 7180
4740 7180
4720 7200
4730 7200
4690 7200
4740 7200
4680 7200
4730 7220
4720 7220
4690 7220
4740 7220
4750 7220
4730 7240
4690 7240
4720 7240
4710 7240
4740 7240
4720 7260
4730 7260
4690 7260
4710 7260
4700 7260
4730 7280
4720 7280
4690 7280
4750 7280
4770 7280
13326 11470
13316 11470
13336 11470
13346 11470
13306 11470
13346 11490
13356 11490
13336 11490
13326 11490
13316 11490
13376 11510
13366 11510
13356 11510
13346 11510
13386 11510
13396 11530
13386 11530
13406 11530
13376 11530
13416 11530
13416 11550
13406 11550
13426 11550
13396 11550
13436 11550
13436 11570
13446 11570
13426 11570
13456 11570
13416 11570
13456 11590
13446 11590
13466 11590
13476 11590
13436 11590
13476 11610
13486 11610
13466 11610
13496 11610
13456 11610
13496 11630
13506 11630
13486 11630
13516 11630
13526 11630
13516 11650
13526 11650
13506 11650
13536 11650
13546 11650
13536 11670
13546 11670
13526 11670
13556 11670
13516 11670
13556 11690
13546 11690
13566 11690
13536 11690
13526 11690
13566 11710
13576 11710
13556 11710
13546 11710
13536 11710
13586 11730
13596 11730
13576 11730
13606 11730
13566 11730
13606 11750
13596 11750
13616 11750
13626 11750
13636 11750
13626 11770
13616 11770
13636 11770
13606 11770
13646 11770
13646 11790
13636 11790
13656 11790
13626 11790
13666 11790
13666 11810
13676 11810
13656 11810
13686 11810
13646 11810
13696 11830
13686 11830
13676 11830
13706 11830
13666 11830
13716 11850
13706 11850
13726 11850
13736 11850
13696 11850
13736 11870
13746 11870
13726 11870
13756 11870
13716 11870
13756 11890
13766 11890
13746 11890
13776 11890
13736 11890
13786 11910
13776 11910
13796 11910
13766 11910
13806 11910
13806 11930
13816 11930
13796 11930
13826 11930
13786 11930
13836 11950
13826 11950
13846 11950
13856 11950
13816 11950
13856 11970
13866 11970
13876 11970
13846 11970
13836 11970
13886 11990
13896 11990
13876 11990
13866 11990
13906 11990
13916 12010
13906 12010
13926 12010
13896 12010
13936 12010
13946 12030
13936 12030
13956 12030
13926 12030
13966 12030
13976 12050
13966 12050
13986 12050
13956 12050
13996 12050
13996 12070
13986 12070
13976 12070
13966 12070
13956 12070
13996 12090
13986 12090
13976 12090
13966 12090
13956 12090
13996 12110
13986 12110
13966 12110
13956 12110
13976 12110
1195 16708
1215 16708
1205 16708
1185 16708
1175 16708
1195 16728
1165 16728
1175 16728
1185 16728
1205 16728
1195 16748
1205 16748
1165 16748
1185 16748
1215 16748
1195 16768
1175 16768
1185 16768
1165 16768
1155 16768
1195 16788
1205 16788
1185 16788
1175 16788
1165 16788
1195 16808
1205 16808
1185 16808
1175 16808
1215 16808
1195 16828
1185 16828
1205 16828
1215 16828
1175 16828
1205 16848
1195 16848
1215 16848
1225 16848
1235 16848
1215 16868
1205 16868
1225 16868
1235 16868
1195 16868
1225 16888
1235 16888
1215 16888
1245 16888
1205 16888
1245 16908
1235 16908
1255 16908
1265 16908
1225 16908
1265 16928
1255 16928
1245 16928
1275 16928
1235 16928
1275 16948
1285 16948
1265 16948
1295 16948
1305 16948
1295 16968
1285 16968
1305 16968
1315 16968
1275 16968
1315 16988
1305 16988
1295 16988
1325 16988
1285 16988
1325 17008
1335 17008
1315 17008
1345 17008
1305 17008
1345 17028
1355 17028
1335 17028
1365 17028
1325 17028
1365 17048
1355 17048
1375 17048
1345 17048
1385 17048
1385 17068
1375 17068
1395 17068
1365 17068
1405 17068
1395 17088
1405 17088
1385 17088
1415 17088
1375 17088
1415 17108
1405 17108
1425 17108
1395 17108
1435 17108
1425 17128
1435 17128
1445 17128
1415 17128
1455 17128
1445 17148
1435 17148
1455 17148
1425 17148
1485 17148
1465 17168
1455 17168
1475 17168
1445 17168
1485 17168
1475 17188
1485 17188
1465 17188
1495 17188
1445 17188
1495 17208
1485 17208
1475 17208
1465 17208
1455 17208
1495 17228
1485 17228
1475 17228
1465 17228
1445 17228
3783 17246
3773 17246
3793 17246
3803 17246
3813 17246
3793 17266
3803 17266
3783 17266
3813 17266
3773 17266
3803 17286
3813 17286
3793 17286
3783 17286
3823 17286
3813 17306
3803 17306
3823 17306
3833 17306
3783 17306
3823 17326
3813 17326
3833 17326
3843 17326
3803 17326
3843 17346
3853 17346
3833 17346
3863 17346
3823 17346
3863 17366
3873 17366
3853 17366
3883 17366
3843 17366
3883 17386
3893 17386
3873 17386
3903 17386
3863 17386
3903 17406
3913 17406
3923 17406
3893 17406
3933 17406
3933 17426
3923 17426
3943 17426
3913 17426
3953 17426
3953 17446
3943 17446
3963 17446
3933 17446
3973 17446
3973 17466
3983 17466
3963 17466
3993 17466
3953 17466
3993 17486
4003 17486
4013 17486
3983 17486
4023 17486
4023 17506
4013 17506
4033 17506
4043 17506
4003 17506
4053 17526
4063 17526
4043 17526
4073 17526
4033 17526
4083 17546
4093 17546
4073 17546
4103 17546
4063 17546
4113 17566
4103 17566
4123 17566
4093 17566
4133 17566
4143 17586
4133 17586
4153 17586
4163 17586
4123 17586
4173 17606
4163 17606
4183 17606
4193 17606
4153 17606
4203 17626
4213 17626
4193 17626
4223 17626
4183 17626
4233 17646
4243 17646
4223 17646
4253 17646
4263 17646
4263 17666
4273 17666
4253 17666
4283 17666
4303 17666
4593 17686
4513 17686
4583 17686
4323 17686
4503 17686
4403 17706
4353 17706
4553 17706
4543 17706
4383 17706
4593 17726
4373 17726
4313 17726
4393 17726
4503 17726
4523 17746
4413 17746
4423 17746
4433 17746
4473 17746
4583 17766
4373 17766
4503 17766
4323 17766
4313 17766
4413 17786
4323 17786
4573 17786
4453 17786
4473 17786
4523 17806
4323 17806
4423 17806
4493 17806
4543 17806
4483 17826
4473 17826
4443 17826
4373 17826
4333 17826
4433 17846
4543 17846
4483 17846
4383 17846
4373 17846
4513 17866
4503 17866
4393 17866
4553 17866
4493 17866
4313 17886
4433 17886
4403 17886
4453 17886
4513 17886
4363 17906
4313 17906
4303 17906
4503 17906
4483 17906
4473 17926
4573 17926
4543 17926
4313 17926
4363 17926
4533 17946
4513 17946
4523 17946
4363 17946
4373 17946
4573 17966
4353 17966
4413 17966
4533 17966
4483 17966
4543 17986
4403 17986
4573 17986
4333 17986
4343 17986
4333 18006
4513 18006
4403 18006
4453 18006
4353 18006
4363 18026
4453 18026
4353 18026
4503 18026
4573 18026
4343 18046
4443 18046
4323 18046
4433 18046
4563 18046
4393 18066
4353 18066
4333 18066
4323 18066
4413 18066
4583 18086
4563 18086
4423 18086
4463 18086
4323 18086
4363 18106
4353 18106
4343 18106
4483 18106
4413 18106
4313 18126
4393 18126
4413 18126
4593 18126
4503 18126
4373 18146
4523 18146
4593 18146
4343 18146
4323 18146
4353 18166
4343 18166
4543 18166
4573 18166
4463 18166
4343 18186
4403 18186
4373 18186
4593 18186
4333 18186
4553 18206
4393 18206
4583 18206
4363 18206
4593 18206
4503 18226
4403 18226
4373 18226
4423 18226
4483 18226
4720 18300
4730 18300
4710 18300
4740 18300
4700 18300
4720 18320
4730 18320
4710 18320
4740 18320
4690 18320
4720 18340
4730 18340
4710 18340
4700 18340
4740 18340
4720 18360
4730 18360
4710 18360
4740 18360
4700 18360
4720 18380
4730 18380
4740 18380
4710 18380
4690 18380
4720 18400
4730 18400
4710 18400
4700 18400
4740 18400
4720 18420
4730 18420
4710 18420
4740 18420
4700 18420
4720 18440
4710 18440
4730 18440
4740 18440
4750 18440
4730 18460
4740 18460
4720 18460
4700 18460
4710 18460
4750 18480
4740 18480
4760 18480
4730 18480
4770 18480
4770 18500
4760 18500
4780 18500
4740 18500
4750 18500
4790 18520
4780 18520
4800 18520
4770 18520
4760 18520
4800 18540
4810 18540
4790 18540
4820 18540
4780 18540
4820 18560
4810 18560
4830 18560
4800 18560
4840 18560
4830 18580
4840 18580
4820 18580
4850 18580
4860 18580
4850 18600
4860 18600
4840 18600
4870 18600
4880 18600
4870 18620
4880 18620
4860 18620
4890 18620
4900 18620
4900 18640
4910 18640
4890 18640
4880 18640
4920 18640
4920 18660
4930 18660
4910 18660
4940 18660
4900 18660
4950 18680
4940 18680
4960 18680
4930 18680
4970 18680
4970 18700
4980 18700
4990 18700
4960 18700
4950 18700
5000 18720
4990 18720
5010 18720
4980 18720
5020 18720
5020 18740
5030 18740
5010 18740
5040 18740
5050 18740
5050 18760
5060 18760
5040 18760
5070 18760
5030 18760
5090 18780
5080 18780
5100 18780
5070 18780
5060 18780
5120 18800
5110 18800
5100 18800
5130 18800
5090 18800
5140 18820
5150 18820
5130 18820
5120 18820
5160 18820
5170 18840
5180 18840
5160 18840
5150 18840
5190 18840
5190 18860
5200 18860
5180 18860
5210 18860
5220 18860
5220 18880
5210 18880
5230 18880
5200 18880
5240 18880
5240 18900
5250 18900
5230 18900
5260 18900
5220 18900
5260 18920
5250 18920
5270 18920
5280 18920
5240 18920
5280 18940
5270 18940
5290 18940
5300 18940
5260 18940
5300 18960
5290 18960
5310 18960
5280 18960
5270 18960
5310 18980
5300 18980
5320 18980
5290 18980
5330 18980
15113 21360
15123 21360
15143 21360
15133 21360
15153 21360
15113 21380
15123 21380
15133 21380
15143 21380
15153 21380
15113 21400
15123 21400
15133 21400
15143 21400
15153 21400
15113 21420
15123 21420
15133 21420
15143 21420
15153 21420
15123 21440
15133 21440
15113 21440
15143 21440
15153 21440
15143 21460
15133 21460
15123 21460
15153 21460
15113 21460
15153 21480
15143 21480
15163 21480
15133 21480
15173 21480
15163 21500
15153 21500
15173 21500
15143 21500
15133 21500
15163 21520
15173 21520
15153 21520
15143 21520
15183 21520
15173 21540
15163 21540
15153 21540
15183 21540
15143 21540
15173 21560
15163 21560
15183 21560
15153 21560
15193 21560
15173 21580
15183 21580
15163 21580
15153 21580
15193 21580
15183 21600
15193 21600
15173 21600
15203 21600
15163 21600
15183 21620
15193 21620
15203 21620
15173 21620
15163 21620
15193 21640
15183 21640
15203 21640
15173 21640
15213 21640
15193 21660
15203 21660
15183 21660
15213 21660
15173 21660
15203 21680
15213 21680
15193 21680
15183 21680
15223 21680
15213 21700
15203 21700
15223 21700
15193 21700
15233 21700
15223 21720
15213 21720
15233 21720
15203 21720
15243 21720
15233 21740
15223 21740
15243 21740
15213 21740
15253 21740
15243 21760
15233 21760
15253 21760
15223 21760
15213 21760
15253 21780
15243 21780
15233 21780
15263 21780
15223 21780
15263 21800
15253 21800
15273 21800
15243 21800
15233 21800
15273 21820
15263 21820
15283 21820
15293 21820
15253 21820
15283 21840
15273 21840
15293 21840
15263 21840
15303 21840
15293 21860
15303 21860
15283 21860
15273 21860
15313 21860
15303 21880
15313 21880
15293 21880
15323 21880
15283 21880
14396 24900
14406 24900
14416 24900
14426 24900
14436 24900
14396 24920
14406 24920
14416 24920
14436 24920
14426 24920
14396 24940
14406 24940
14416 24940
14426 24940
14436 24940
14396 24960
14406 24960
14416 24960
14426 24960
14436 24960
14416 24980
14406 24980
14426 24980
14396 24980
14436 24980
14426 25000
14436 25000
14416 25000
14446 25000
14406 25000
14436 25020
14446 25020
14456 25020
14426 25020
14466 25020
14456 25040
14446 25040
14466 25040
14436 25040
14426 25040
14466 25060
14476 25060
14456 25060
14486 25060
14446 25060
14476 25080
14486 25080
14466 25080
14496 25080
14456 25080
14496 25100
14486 25100
14506 25100
14476 25100
14466 25100
14506 25120
14496 25120
14516 25120
14486 25120
14526 25120
14516 25140
14526 25140
14506 25140
14536 25140
14496 25140
14526 25160
14536 25160
14516 25160
14546 25160
14506 25160
14536 25180
14546 25180
14556 25180
14566 25180
14526 25180
14556 25200
14546 25200
14566 25200
14536 25200
14586 25200
14566 25220
14556 25220
14576 25220
14546 25220
14596 25220
14576 25240
14586 25240
14566 25240
14596 25240
14556 25240
14596 25260
14586 25260
14576 25260
14606 25260
14616 25260
14606 25280
14616 25280
14596 25280
14626 25280
14586 25280
14626 25300
14616 25300
14636 25300
14606 25300
14646 25300
14646 25320
14636 25320
14656 25320
14626 25320
14666 25320
14666 25340
14656 25340
14676 25340
14646 25340
14686 25340
14686 25360
14696 25360
14676 25360
14706 25360
14666 25360
14706 25380
14716 25380
14696 25380
14726 25380
14686 25380
14726 25400
14716 25400
14736 25400
14706 25400
14746 25400
14746 25420
14736 25420
14756 25420
14766 25420
14726 25420
14766 25440
14756 25440
14746 25440
14776 25440
14786 25440
14776 25460
14786 25460
14766 25460
14796 25460
14756 25460
14796 25480
14786 25480
14806 25480
14776 25480
14816 25480
14816 25500
14806 25500
14826 25500
14796 25500
14836 25500
14826 25520
14836 25520
14816 25520
14806 25520
14846 25520
14846 25540
14836 25540
14826 25540
14856 25540
14866 25540
14856 25560
14866 25560
14846 25560
14876 25560
14886 25560
14876 25580
14886 25580
14866 25580
14896 25580
14856 25580
14896 25600
14886 25600
14906 25600
14876 25600
14916 25600
14906 25620
14916 25620
14896 25620
14926 25620
14886 25620
14926 25640
14916 25640
14936 25640
14906 25640
14946 25640
14946 25660
14936 25660
14956 25660
14926 25660
14966 25660
14956 25680
14966 25680
14946 25680
14976 25680
14936 25680
14976 25700
14966 25700
14986 25700
14956 25700
14996 25700
14986 25720
14996 25720
14976 25720
15006 25720
15016 25720
14996 25740
14986 25740
15006 25740
15016 25740
14976 25740
14996 25760
15006 25760
14986 25760
15016 25760
14976 25760
15006 25780
14996 25780
15016 25780
14986 25780
15026 25780
15006 25800
14996 25800
15016 25800
15026 25800
14986 25800
15016 25820
15006 25820
15026 25820
15036 25820
14996 25820
15026 25840
15016 25840
15036 25840
15006 25840
14996 25840
15036 25860
15026 25860
15016 25860
15006 25860
14996 25860
15036 25880
15026 25880
15016 25880
15006 25880
14996 25880
15036 25900
15026 25900
15016 25900
15006 25900
14996 25900
15036 25920
15026 25920
15016 25920
15006 25920
14986 25920
15036 25940
15026 25940
15016 25940
15006 25940
14996 25940
15036 25960
15026 25960
15123 26986
15113 26986
15133 26986
15143 26986
15153 26986
15133 27006
15143 27006
15123 27006
15153 27006
15113 27006
15153 27026
15163 27026
15143 27026
15133 27026
15173 27026
15173 27046
15163 27046
15183 27046
15153 27046
15193 27046
15193 27066
15183 27066
15203 27066
15173 27066
15213 27066
15203 27086
15213 27086
15193 27086
15223 27086
15233 27086
15223 27106
15233 27106
15213 27106
15243 27106
15203 27106
15243 27126
15233 27126
15253 27126
15263 27126
15223 27126
15263 27146
15253 27146
15273 27146
15243 27146
15283 27146
15273 27166
15283 27166
15293 27166
15263 27166
15303 27166
15293 27186
15283 27186
15303 27186
15273 27186
15313 27186
15303 27206
15313 27206
15293 27206
15323 27206
15333 27206
15323 27226
15313 27226
15333 27226
15303 27226
15343 27226
15333 27246
15323 27246
15343 27246
15353 27246
15313 27246
15343 27266
15353 27266
15333 27266
15323 27266
15363 27266
15353 27286
15363 27286
15343 27286
15373 27286
15333 27286
15373 27306
15363 27306
15353 27306
15383 27306
15343 27306
15373 27326
15383 27326
15363 27326
15393 27326
15353 27326
15383 27346
15393 27346
15373 27346
15403 27346
15363 27346
15393 27366
15403 27366
15383 27366
15373 27366
15413 27366
15403 27386
15393 27386
15383 27386
15413 27386
15423 27386
15403 27406
15393 27406
15413 27406
15423 27406
15383 27406
15413 27426
15403 27426
15393 27426
15423 27426
15433 27426
15413 27446
15423 27446
15433 27446
15403 27446
15443 27446
15423 27466
15413 27466
15433 27466
15403 27466
15443 27466
15423 27486
15433 27486
15413 27486
15443 27486
15453 27486
15433 27506
15423 27506
15443 27506
15413 27506
15453 27506
15433 27526
15443 27526
15423 27526
15453 27526
15413 27526
15443 27546
15433 27546
15453 27546
15463 27546
15473 27546
15453 27566
15443 27566
15463 27566
15473 27566
15433 27566
15463 27586
15473 27586
15483 27586
15453 27586
15493 27586
15493 27606
15483 27606
15503 27606
15473 27606
15513 27606
15513 27626
15503 27626
15523 27626
15493 27626
15533 27626
15533 27646
15523 27646
15543 27646
15553 27646
15513 27646
15563 27666
15553 27666
15543 27666
15573 27666
15533 27666
15523 27686
15513 27686
15563 27686
15493 27686
15503 27686
1606 29980
1616 29980
1596 29980
1626 29980
1586 29980
1616 30000
1626 30000
1606 30000
1636 30000
1596 30000
1636 30020
1626 30020
1646 30020
1616 30020
1656 30020
1646 30040
1636 30040
1656 30040
1626 30040
1666 30040
1656 30060
1646 30060
1666 30060
1636 30060
1626 30060
1656 30080
1666 30080
1646 30080
1636 30080
1676 30080
1666 30100
1656 30100
1676 30100
1646 30100
1686 30100
1676 30120
1666 30120
1686 30120
1656 30120
1696 30120
1686 30140
1676 30140
1696 30140
1666 30140
1706 30140
1686 30160
1696 30160
1676 30160
1706 30160
1666 30160
1696 30180
1706 30180
1686 30180
1716 30180
1676 30180
1706 30200
1716 30200
1696 30200
1726 30200
1686 30200
1716 30220
1726 30220
1706 30220
1736 30220
1696 30220
1726 30240
1736 30240
1746 30240
1716 30240
1706 30240
1736 30260
1746 30260
1726 30260
1716 30260
1756 30260
1746 30280
1736 30280
1756 30280
1726 30280
1766 30280
1746 30300
1756 30300
1736 30300
1766 30300
1726 30300
1756 30320
1766 30320
1746 30320
1776 30320
1736 30320
1776 30340
1766 30340
1786 30340
1756 30340
1796 30340
1786 30360
1776 30360
1796 30360
1766 30360
1806 30360
1796 30380
1806 30380
1786 30380
1776 30380
1816 30380
1806 30400
1816 30400
1796 30400
1826 30400
1786 30400
1826 30420
1816 30420
1836 30420
1806 30420
1846 30420
1836 30440
1846 30440
1826 30440
1856 30440
1816 30440
1856 30460
1846 30460
1866 30460
1876 30460
1836 30460
1876 30480
1866 30480
1886 30480
1856 30480
1896 30480
1886 30500
1896 30500
1906 30500
1876 30500
1866 30500
1906 30520
1916 30520
1896 30520
1926 30520
1886 30520
1926 30540
1936 30540
1916 30540
1946 30540
1956 30540
1956 30560
1946 30560
1966 30560
1936 30560
1976 30560
1976 30580
1966 30580
1986 30580
1996 30580
2006 30580
2016 30600
2026 30600
2006 30600
2036 30600
2046 30600
2106 30620
2096 30620
2086 30620
2116 30620
2076 30620
2136 30640
2126 30640
2146 30640
2116 30640
2156 30640
2156 30660
2166 30660
2146 30660
2176 30660
2136 30660
2186 30680
2176 30680
2196 30680
2206 30680
2166 30680
2206 30700
2216 30700
2226 30700
2196 30700
2236 30700
2246 30720
2256 30720
2236 30720
2266 30720
2276 30720
2276 30740
2286 30740
2266 30740
2296 30740
2256 30740
2306 30760
2296 30760
2316 30760
2326 30760
2286 30760
2326 30780
2336 30780
2316 30780
2346 30780
2306 30780
2356 30800
2366 30800
2346 30800
2376 30800
2336 30800
2386 30820
2376 30820
2396 30820
2406 30820
2366 30820
2416 30840
2426 30840
2406 30840
2436 30840
2396 30840
