2156 30640
4143 17586
3803 17246
1946 30540
5010 18720
4253 17646
5240 18900
13816 11930
14936 25640
1936 30560
13726 11870
1305 16968
1435 17148
1445 17128
1726 30260
15493 27626
13876 11990
15153 21560
14686 25340
15243 27106
1245 3501
800 3086
14576 25220
4433 17746
1485 17188
4513 17686
13616 11770
1726 30240
2196 30700
15123 21460
15393 27346
13986 12050
4830 18560
15143 21440
4523 17806
4593 18186
15133 21460
1385 17088
14906 25620
15273 21820
1245 16908
14486 25060
4950 18680
2026 30600
15393 27426
4493 17866
1130 3366
5180 18860
4453 18006
15453 27526
1495 3761
15283 21860
14416 24980
14756 25420
15173 21640
3943 17426
15263 21800
4423 18226
14966 25680
1335 17028
14896 25600
1686 30180
14796 25480
15553 27646
15213 21680
4393 18066
2276 30740
13596 11750
940 3186
4073 17526
440 3026
13936 12030
13526 11670
1676 30140
4533 17966
4503 17866
1345 3601
4740 18380
15553 27666
1040 3266
13486 11610
2076 30620
2246 30720
15173 21600
2336 30780
1856 30460
14646 25300
15163 27026
1000 3226
1100 3326
1455 17148
4473 17746
14586 25240
13926 12010
2006 30580
15143 27026
5300 18960
13636 11750
1275 3541
13376 11510
4700 18360
4373 17726
13566 11710
13956 12030
1816 30420
3973 17466
3823 17306
4573 17966
5040 18740
14626 25300
15193 21660
1195 3441
15373 27346
820 3106
840 3106
15413 27526
15133 21480
4940 18660
5120 18800
4503 17726
2406 30840
15303 27206
14716 25400
1060 3306
4403 18006
14576 25260
4113 17566
15203 27086
15303 27186
13536 11690
14846 25540
15403 27426
15183 21580
4333 18006
1906 30500
4203 17626
14456 25040
4720 18460
5080 18780
1140 3406
4213 17626
13736 11870
4323 18086
15133 27006
5210 18860
1656 30080
14676 25360
1255 16908
2206 30700
4393 18126
15243 27146
14496 25120
15383 27346
4483 17966
14606 25300
5090 18780
4573 18026
15413 27386
15243 21760
2146 30660
15193 27086
14606 25280
1355 3621
14836 25540
2016 30600
4493 17806
1826 30420
920 3166
14836 25520
1455 3721
13646 11770
14676 25340
4533 17946
14546 25180
4413 18066
1435 3681
1215 3441
770 3066
14716 25380
1335 17008
1806 30380
1976 30560
4563 18046
2316 30760
2116 30640
4243 17646
4313 17886
15006 25840
1756 30300
13796 11910
15213 27086
3983 17486
15213 21640
14686 25360
15113 26986
1696 30180
1475 3721
15413 27466
13406 11530
1646 30060
15133 27026
4750 18500
15393 27366
1295 16988
1120 3366
1345 17008
15283 21840
1225 3481
4563 18086
13676 11810
14526 25160
15153 27026
810 3086
930 3166
15413 27406
4363 18026
13436 11570
1030 3266
15223 21720
1666 30140
15213 21740
15263 21820
15183 27066
15403 27366
14946 25680
1736 30260
15403 27446
1110 3366
4363 17926
4830 18580
15143 21500
14636 25320
4193 17626
14546 25200
15163 21480
1656 30040
1716 30220
4720 18320
4593 18126
14556 25200
15203 21660
1090 3326
1886 30500
1986 30580
1185 16828
14916 25620
1666 30080
5110 18800
14736 25400
15543 27646
4453 17886
4710 18420
14456 25020
3873 17366
4593 18146
15533 27666
1120 3346
15293 21860
1746 30280
4433 18046
1140 3366
3883 17386
14806 25480
14986 25740
4740 18320
14486 25080
13576 11730
3893 17386
1766 30340
4820 18560
15163 21500
15263 27126
14886 25600
1255 16928
3823 17286
1080 3326
14766 25440
15323 27226
4513 17886
14666 25360
1706 30200
780 3086
4523 18146
15153 21480
4870 18600
1996 30580
13706 11850
13536 11650
5070 18760
4750 18440
15353 27246
13536 11670
15233 21760
15006 25760
15223 21740
15213 21660
15433 27546
14816 25520
1265 3501
2206 30680
2256 30740
2136 30660
4740 18440
1245 3481
4890 18640
4700 18340
1956 30540
15413 27446
1465 17168
1425 17128
2006 30600
1020 3246
2266 30740
15203 27066
14996 25820
14876 25580
13806 11930
4730 18420
15006 25800
15513 27606
14436 25020
15273 27186
4373 18186
1235 16888
15333 27246
2046 30600
4920 18640
13976 12050
4990 18700
15463 27586
15433 27566
15016 25720
4820 18540
13446 11590
1195 3461
4513 17866
4263 17666
1120 3386
15523 27626
4223 17646
3823 17326
1796 30380
1676 30100
15573 27666
4950 18700
1305 3561
4043 17506
4103 17566
4063 17526
15283 21820
15343 27286
15513 27646
14556 25220
5170 18840
13386 11530
15223 21700
790 3086
4880 18640
4593 17726
1465 17188
3923 17406
4133 17566
1656 30100
15293 21880
4770 18500
970 3206
4463 18086
4353 18166
15323 27206
1205 3441
15383 27326
14946 25660
1606 30000
4503 18226
3773 17266
14986 25780
1060 3286
14566 25200
15423 27406
15173 21560
15036 25860
15173 27046
5030 18740
5100 18800
15423 27446
13846 11950
14396 24940
14406 24960
14476 25060
1375 3641
15253 21760
2356 30800
1485 17228
13746 11870
14596 25260
4323 18146
1120 3326
2036 30600
15533 27646
13426 11570
15006 25740
1185 3421
4730 18340
14436 25040
15006 25720
15343 27266
1435 17128
930 3186
4980 18720
13696 11830
910 3166
1110 3326
15273 27146
1696 30160
14786 25460
2416 30840
13556 11690
4900 18620
1195 16828
1886 30520
15473 27586
14586 25280
15173 27026
14956 25660
15253 27146
4093 17566
2286 30740
4413 17786
15133 26986
13416 11550
4353 17966
14426 25020
1746 30260
15323 27246
1746 30240
15036 25840
1806 30400
700 3046
5060 18760
1255 3501
13596 11730
15313 27246
15453 27546
1295 3541
4423 17746
4790 18520
13366 11510
15173 21580
15016 25760
1746 30300
1455 17168
1626 29980
5040 18760
15523 27646
14796 25460
2186 30680
4363 17906
14936 25660
14476 25080
4163 17586
15313 21880
1706 30180
15173 21500
15293 27206
1285 3541
4013 17506
2346 30800
14406 24980
1485 3741
15423 27486
15373 27306
13866 11990
14506 25100
1816 30400
4820 18580
5130 18800
4063 17546
14976 25700
13566 11690
14736 25420
15273 27166
14646 25340
13616 11750
1445 17148
14616 25300
4393 18206
15413 27486
3933 17426
13676 11830
1385 3641
15163 21540
15143 21520
14986 25800
15383 27386
4730 18440
15123 21440
3993 17486
4543 18166
13996 12070
1846 30460
14496 25100
4373 18146
4740 18480
15026 25840
14976 25720
4023 17506
15016 25840
15503 27626
1285 3521
4403 17986
4353 18106
760 3066
1355 17048
1395 17068
3873 17386
1275 16948
3963 17466
1676 30160
5260 18920
4780 18520
3813 17326
15143 21480
4840 18600
14446 25000
14766 25460
15193 21620
15113 21460
4403 17886
14506 25120
2176 30680
1215 16868
1686 30140
1325 17008
4870 18620
14706 25360
4453 18026
1315 17008
4343 18186
15133 21440
15373 27286
4720 18420
4573 17926
4033 17506
4543 17806
1355 3601
1946 30560
4970 18700
750 3066
3903 17386
15153 27006
4710 18440
4073 17546
15283 27186
4403 18226
3923 17426
14756 25440
1455 3701
15193 21680
1325 3581
1205 16848
14826 25500
15153 21540
4253 17666
4123 17566
3813 17266
850 3126
2306 30760
2236 30720
13506 11650
4730 18400
13546 11670
4083 17546
1636 30000
15193 21640
15433 27486
15363 27266
15203 21600
1475 3741
15413 27506
5010 18740
4940 18680
14576 25240
14536 25160
900 3146
950 3206
15123 26986
1936 30540
1596 29980
1080 3306
1916 30540
820 3086
14566 25240
15293 27166
1245 16888
4503 17766
1385 17068
4740 18500
3843 17366
15253 21740
4313 17906
13766 11890
3803 17326
15193 21700
1265 16948
15123 21420
1786 30340
4313 17926
15493 27586
15443 27566
1225 3461
4810 18560
4700 18400
4800 18520
4263 17646
840 3126
1736 30240
15203 21720
4373 17946
13546 11650
4403 17706
3883 17366
15353 27286
890 3146
15463 27546
15323 21880
1355 17028
15113 21440
4343 18046
13826 11950
4840 18580
4720 18340
15303 21880
15283 27166
4233 17646
1495 17188
3963 17446
1716 30180
4343 17986
15403 27466
15193 27046
830 3106
4770 18480
4223 17626
2326 30760
13726 11850
1100 3346
4413 17746
4363 17946
4730 18320
15273 21800
4543 17706
15153 21500
1916 30520
13776 11910
13456 11590
15443 27466
13946 12030
15423 27426
1646 30020
1215 3461
4700 18300
1766 30320
15193 21560
15016 25740
15183 21560
1826 30440
1185 3441
4543 17846
1365 17048
15383 27306
4960 18680
4353 18026
4463 18166
15433 27466
14866 25580
1225 16868
1285 16948
15533 27626
15173 21520
13496 11630
4393 17866
15203 21680
4573 17786
4343 18106
4890 18620
4373 17846
3783 17286
4800 18540
4710 18380
15393 27326
15026 25800
14746 25420
13316 11470
4503 17906
2346 30780
14726 25380
15433 27446
2436 30840
4513 17946
4343 18166
13576 11710
1776 30340
1866 30480
14986 25760
720 3046
2166 30680
5130 18820
14776 25460
1195 16848
15443 27486
4333 18066
2126 30640
13626 11790
4730 18460
1886 30480
4523 17746
2116 30620
15183 27046
4880 18620
4573 17986
15016 25860
1000 3246
15423 27466
13406 11550
13656 11810
13896 11990
1686 30160
5270 18940
15313 27226
1275 3521
3853 17366
2146 30640
5000 18720
15263 21780
4343 18146
1415 17088
1235 3481
5160 18840
13556 11670
15393 27406
14426 24980
15333 27266
1876 30480
15173 21620
14866 25560
2106 30620
3833 17306
5150 18820
4860 18600
4710 18460
14776 25440
15333 27226
1425 17108
3783 17246
460 3026
4710 18340
4353 17706
1475 17208
4740 18420
4910 18640
2376 30820
5300 18980
15363 27306
15243 21800
4373 17766
13646 11790
1856 30480
15193 27066
1475 17188
15173 21480
4323 17686
1956 30560
4383 17706
14696 25380
3793 17266
4313 18126
15173 27066
15193 21600
1485 3721
15026 25780
14416 25000
15543 27666
1626 30000
5210 18880
14626 25280
4423 17806
4003 17506
15423 27506
5270 18920
14646 25320
14846 25560
15183 21600
1776 30360
4710 18300
4573 18166
1676 30120
14606 25260
15443 27526
14896 25620
1235 16908
13606 11770
4740 18460
4193 17606
14656 25340
4503 18126
4850 18600
4443 17826
15213 27106
14426 25000
15183 21640
3893 17406
4483 17826
4810 18540
1375 3621
14596 25240
15123 27006
4750 18480
13546 11710
15253 27126
14976 25760
880 3126
3863 17346
4720 18300
15123 21400
4593 17686
4413 18126
5050 18760
3943 17446
14516 25140
15303 21860
1130 3386
1836 30440
3843 17346
4303 17666
13636 11790
5190 18860
860 3126
1726 30220
13916 12010
14446 25040
3773 17246
3953 17446
15513 27626
15016 25800
13686 11810
13856 11970
4413 17966
1666 30100
4173 17606
15443 27506
15163 21520
14436 25000
2316 30780
1325 16988
1235 16868
15433 27526
15183 21660
15243 27126
15383 27366
4313 17726
14416 24960
15403 27406
15173 21660
13586 11730
870 3126
4393 17726
13556 11710
14516 25120
14456 25060
13526 11650
13956 12050
13466 11590
15233 21740
4930 18660
4553 17706
4690 18380
14406 24940
3983 17466
1335 3581
5250 18900
2176 30660
15133 21420
14996 25740
4013 17486
15293 27186
14686 25380
14466 25040
4053 17526
3813 17246
990 3226
1736 30300
2256 30720
13426 11550
4730 18360
4760 18480
15026 25860
14596 25280
950 3186
4690 18320
13396 11550
15153 21460
1155 3421
2386 30820
