4000 5000
4010 5000
4040 5040
4050 5040
4030 5040
4020 5040
4010 5040
4000 5040
4060 5040
4070 5040
4080 5040
4060 5060
4040 5060
4050 5060
4070 5060
4080 5060
4030 5060
4010 5060
4100 5060
4090 5060
4000 5060
4070 5080
4060 5080
4080 5080
4050 5080
4090 5080
4040 5080
4030 5080
4020 5080
4100 5080
4110 5080
4080 5100
4090 5100
4070 5100
4100 5100
4060 5100
4110 5100
4050 5100
4120 5100
4130 5100
4040 5100
4100 5120
4110 5120
4090 5120
4120 5120
4080 5120
4130 5120
4140 5120
4070 5120
4050 5120
4150 5120
4120 5140
4130 5140
4110 5140
4140 5140
4150 5140
4100 5140
4090 5140
4080 5140
4160 5140
4170 5140
4150 5160
4140 5160
4160 5160
4130 5160
4170 5160
4120 5160
4110 5160
4180 5160
4090 5160
4100 5160
4170 5180
4160 5180
4180 5180
4150 5180
4140 5180
4190 5180
4130 5180
4120 5180
4110 5180
4100 5180
10610 7800
10600 7800
10620 7800
10630 7800
10590 7800
10640 7800
10660 7800
10650 7800
10580 7800
10680 7800
10640 7820
10650 7820
10660 7820
10630 7820
10620 7820
10670 7820
10610 7820
10680 7820
10690 7820
10700 7820
10680 7840
10690 7840
10700 7840
10670 7840
10710 7840
10660 7840
10720 7840
10650 7840
10730 7840
10640 7840
10740 7860
10750 7860
10730 7860
10720 7860
10710 7860
10760 7860
10700 7860
10690 7860
10770 7860
10680 7860
10780 7880
10770 7880
10790 7880
10760 7880
10800 7880
10750 7880
10740 7880
10810 7880
10730 7880
10820 7880
10810 7900
10800 7900
10820 7900
10830 7900
10790 7900
10780 7900
10840 7900
10850 7900
10770 7900
10870 7900
10840 7920
10830 7920
10850 7920
10820 7920
10860 7920
10870 7920
10810 7920
10880 7920
10800 7920
10790 7920
10860 7940
10870 7940
10850 7940
10880 7940
10840 7940
10890 7940
10830 7940
10900 7940
10910 7940
10820 7940
10890 7960
10880 7960
10900 7960
10870 7960
10910 7960
10860 7960
10840 7960
10850 7960
10920 7960
10940 7960
10910 7980
10920 7980
10900 7980
10890 7980
10880 7980
10930 7980
10940 7980
10860 7980
10870 7980
10850 7980
8690 8700
8680 8700
8000 8700
8670 8700
8010 8700
8020 8700
8010 8720
8020 8720
8000 8720
8030 8720
8040 8720
8050 8720
8070 8720
8090 8720
8060 8720
8080 8720
8030 8740
8020 8740
8040 8740
8050 8740
8010 8740
8000 8740
8060 8740
8080 8740
8070 8740
8090 8740
8050 8760
8040 8760
8060 8760
8030 8760
8070 8760
8010 8760
8080 8760
8020 8760
8000 8760
8090 8760
8060 8780
8070 8780
8050 8780
8080 8780
8040 8780
8030 8780
8090 8780
8020 8780
8100 8780
8010 8780
8080 8800
8070 8800
8060 8800
8090 8800
8100 8800
8050 8800
8040 8800
8110 8800
8030 8800
8120 8800
8090 8820
8100 8820
8080 8820
8070 8820
8110 8820
8120 8820
8060 8820
8140 8820
8130 8820
8050 8820
8110 8840
8100 8840
8120 8840
8090 8840
8080 8840
8130 8840
8070 8840
8140 8840
8060 8840
8150 8840
8120 8860
8110 8860
8130 8860
8100 8860
8140 8860
8090 8860
8070 8860
8080 8860
8150 8860
8160 8860
8130 8880
8140 8880
8120 8880
8110 8880
8150 8880
8100 8880
8160 8880
8090 8880
8170 8880
8080 8880
8140 8900
8150 8900
8130 8900
8160 8900
8120 8900
8170 8900
8110 8900
8180 8900
8100 8900
8200 8900
8150 8920
8160 8920
8140 8920
8170 8920
8130 8920
8180 8920
8120 8920
8110 8920
8190 8920
8090 8920
8170 8940
8160 8940
8180 8940
8150 8940
8190 8940
8140 8940
8200 8940
8210 8940
8130 8940
8220 8940
8180 8960
8170 8960
8190 8960
8160 8960
8200 8960
8210 8960
8220 8960
8150 8960
8230 8960
8240 8960
8190 8980
8200 8980
8180 8980
8210 8980
8220 8980
8170 8980
8240 8980
8230 8980
8160 8980
8150 8980
8210 9000
8200 9000
8190 9000
8220 9000
8230 9000
8180 9000
8240 9000
8170 9000
8250 9000
8260 9000
8220 9020
8230 9020
8210 9020
8240 9020
8200 9020
8250 9020
8190 9020
8260 9020
8180 9020
8170 9020
8260 9040
8250 9040
8240 9040
8230 9040
8270 9040
8220 9040
8210 9040
8200 9040
8190 9040
8180 9040
8270 9060
8280 9060
8260 9060
8290 9060
8250 9060
8240 9060
8230 9060
8300 9060
8220 9060
8200 9060
8290 9080
8300 9080
8280 9080
8310 9080
8270 9080
8320 9080
8310 9100
8320 9100
8300 9100
8330 9100
8290 9100
8340 9100
8340 9120
8330 9120
8320 9120
8350 9120
8360 9120
8310 9120
8370 9120
8350 9140
8360 9140
8340 9140
8370 9140
8380 9140
8390 9140
8330 9140
8400 9140
8410 9140
8430 9140
8370 9160
8360 9160
8380 9160
8390 9160
8400 9160
8350 9160
8410 9160
8420 9160
8340 9160
8430 9160
8390 9180
8400 9180
8380 9180
8410 9180
8370 9180
8420 9180
8360 9180
8430 9180
8350 9180
8440 9180
8410 9200
8420 9200
8400 9200
8430 9200
8390 9200
8440 9200
8380 9200
8370 9200
8450 9200
8360 9200
8430 9220
8420 9220
8440 9220
8450 9220
8410 9220
8400 9220
8390 9220
8460 9220
8470 9220
8370 9220
8450 9240
8440 9240
8460 9240
8470 9240
8430 9240
8420 9240
8410 9240
8480 9240
8490 9240
8500 9240
8470 9260
8480 9260
8460 9260
8450 9260
8490 9260
8500 9260
8440 9260
8510 9260
8430 9260
8420 9260
8490 9280
8480 9280
8500 9280
8470 9280
8510 9280
8520 9280
8460 9280
8450 9280
8530 9280
8540 9280
8510 9300
8520 9300
8500 9300
8490 9300
8530 9300
8540 9300
8550 9300
8480 9300
8560 9300
8570 9300
8530 9320
8540 9320
8520 9320
8550 9320
8560 9320
8510 9320
8580 9320
8500 9320
8570 9320
8600 9320
8550 9340
8560 9340
8540 9340
8570 9340
8580 9340
8590 9340
8530 9340
8520 9340
8600 9340
8510 9340
8570 9360
8580 9360
8560 9360
8600 9360
8590 9360
8550 9360
8540 9360
8610 9360
8530 9360
8520 9360
8590 9380
8600 9380
8580 9380
8570 9380
8610 9380
8560 9380
8550 9380
8620 9380
8540 9380
8530 9380
8610 9400
8600 9400
8620 9400
8590 9400
8580 9400
8630 9400
8570 9400
8560 9400
8550 9400
8540 9400
8630 9420
8640 9420
8620 9420
8610 9420
8650 9420
8600 9420
8660 9420
8590 9420
8580 9420
8560 9420
8650 9440
8660 9440
8640 9440
8670 9440
8630 9440
8680 9440
8620 9440
8690 9440
8670 9460
8680 9460
8660 9460
8690 9460
8650 9460
8640 9460
8680 9480
8670 9480
8690 9480
8660 9480
8650 9480
8640 9480
810 11300
820 11300
800 11300
790 11300
730 11300
760 11300
770 11300
780 11300
740 11300
720 11300
800 11320
790 11320
780 11320
730 11320
760 11320
750 11320
770 11320
740 11320
720 11320
700 11320
760 11340
750 11340
770 11340
780 11340
740 11340
730 11340
720 11340
710 11340
700 11340
790 11340
730 11360
740 11360
750 11360
760 11360
720 11360
710 11360
690 11360
700 11360
680 11360
670 11360
720 11380
700 11380
710 11380
690 11380
730 11380
680 11380
670 11380
640 11380
700 11400
690 11400
710 11400
680 11400
690 11420
680 11420
640 11420
650 11420
610 11460
