8030 8740
10880 7960
10750 7860
4170 5180
8200 9020
10700 7840
8570 9380
8300 9080
8090 8820
8190 8960
4050 5060
8170 8900
10830 7940
10900 7940
10800 7900
8080 8780
8140 8840
8230 9000
8610 9360
8590 9400
8550 9320
10820 7920
8550 9360
4130 5160
8210 9000
8510 9300
4050 5080
8610 9420
8560 9380
4080 5120
8140 8940
10680 7840
8030 8780
8190 8980
8240 8980
10870 7980
8550 9340
10640 7800
8140 8880
8600 9380
10730 7880
4090 5140
10840 7920
8350 9140
8670 9440
8160 8980
8310 9080
8070 8780
8200 8960
8520 9280
10630 7820
4130 5140
8490 9300
8170 8980
8280 9060
10720 7840
8230 9040
8450 9240
8410 9220
8210 8940
4180 5180
8180 8920
8240 9000
8000 8720
10680 7860
10630 7800
10640 7840
8580 9340
4140 5140
8150 8940
8630 9400
8050 8760
8370 9140
8320 9120
8520 9300
4090 5080
10700 7820
10840 7940
8170 9000
8150 8900
10690 7820
8220 9000
10790 7880
4070 5080
10860 7980
8510 9280
10830 7900
8530 9300
10730 7840
8070 8840
8190 9000
4160 5160
8180 8980
10910 7960
8470 9260
8220 9020
8080 8800
10850 7960
10810 7880
10760 7880
8060 8780
8440 9240
8090 8800
8000 8740
10790 7900
8010 8760
8160 8900
8230 8960
10890 7980
8420 9180
4060 5080
8090 8860
8020 8740
8490 9280
8170 8960
8040 8760
8600 9340
8160 8940
8090 8840
8130 8940
10810 7900
8130 8840
4040 5080
8110 8800
8470 9240
10670 7840
8420 9220
8680 9480
8050 8800
10880 7920
4110 5100
8430 9240
10850 7940
8120 8880
8290 9080
8100 8820
8500 9300
8670 9460
8400 9180
8380 9180
8590 9340
8170 8940
4130 5120
8060 8820
10850 7900
8180 9020
4120 5120
8650 9440
8550 9380
10870 7900
8300 9100
10800 7880
8570 9360
8050 8740
8610 9380
4190 5180
10770 7900
8060 8760
10610 7820
8120 8900
8010 8720
8690 8700
8620 9420
8370 9160
8150 8880
8400 9160
8360 9140
10620 7820
10860 7960
8210 8980
10770 7860
4080 5080
8130 8920
8080 8820
8560 9400
8390 9160
4060 5100
8210 9020
8290 9060
8450 9220
8250 9040
10930 7980
8190 9020
8240 9040
10780 7880
8370 9180
8260 9020
8580 9320
4110 5140
10790 7920
10840 7960
8310 9100
8230 8980
8540 9340
8070 8800
10840 7900
8580 9360
8110 8820
8500 9280
8570 9340
8460 9260
8660 9440
8220 8980
8360 9160
8380 9160
8200 9000
8220 9040
10690 7840
4180 5160
8660 9460
10890 7940
8040 8780
8150 8920
8500 9320
8100 8860
8260 9040
8390 9200
4100 5100
8130 8900
10910 7940
8120 8840
4120 5100
4050 5100
10850 7980
8200 8940
4080 5100
10670 7820
8260 9060
8140 8900
8110 8900
8190 8940
10740 7880
8620 9400
4080 5060
8530 9320
10700 7860
8040 8740
4060 5060
8570 9320
8340 9140
8430 9220
8130 8880
8430 9200
4110 5160
8210 9040
10820 7880
4170 5160
10610 7800
8010 8740
10870 7960
8080 8760
8140 8920
10740 7860
8030 8760
8250 9020
10590 7800
10750 7880
8260 9000
8330 9120
4040 5060
8490 9260
10710 7860
8180 8940
8520 9320
8670 9480
8600 9360
8540 9320
10660 7820
4030 5060
10900 7960
8270 9040
8200 8980
8130 8860
8140 8860
4150 5140
8590 9360
8620 9380
10730 7860
10640 7820
4090 5120
4150 5180
8180 9000
