4680 1520
4670 1520
4690 1520
4700 1520
4660 1520
4710 1520
4720 1520
4730 1520
4750 1520
4740 1520
4690 1540
4680 1540
4670 1540
4700 1540
4710 1540
4720 1540
4660 1540
4730 1540
4740 1540
4750 1540
4700 1560
4710 1560
4690 1560
4720 1560
4680 1560
4670 1560
4730 1560
4740 1560
4660 1560
4750 1560
4720 1580
4730 1580
4740 1580
4710 1580
4700 1580
4750 1580
4690 1580
4680 1580
4760 1580
4670 1580
4750 1600
4740 1600
4760 1600
4730 1600
4770 1600
4720 1600
4780 1600
4710 1600
4790 1600
4690 1600
4770 1620
4760 1620
4780 1620
4750 1620
4790 1620
4740 1620
4800 1620
4730 1620
4720 1620
4820 1620
4790 1640
4780 1640
4800 1640
4810 1640
4770 1640
4760 1640
4820 1640
4750 1640
4830 1640
4740 1640
4800 1660
4810 1660
4820 1660
4790 1660
4830 1660
4780 1660
4840 1660
4770 1660
4850 1660
4760 1660
4820 1680
4830 1680
4810 1680
4840 1680
4800 1680
4790 1680
4850 1680
4780 1680
4860 1680
4770 1680
4840 1700
4850 1700
4830 1700
4820 1700
4860 1700
4810 1700
4800 1700
4870 1700
4790 1700
4780 1700
4860 1720
4850 1720
4870 1720
4840 1720
4830 1720
4880 1720
4820 1720
4800 1720
4810 1720
4790 1720
4880 1740
4870 1740
4890 1740
4860 1740
4900 1740
4850 1740
4910 1740
4840 1740
4830 1740
4820 1740
4890 1760
4900 1760
4880 1760
4910 1760
4920 1760
4870 1760
4930 1760
4940 1760
4950 1760
4970 1760
4910 1780
4920 1780
4930 1780
4900 1780
4940 1780
4890 1780
4950 1780
4960 1780
4100 1780
4970 1780
4930 1800
4940 1800
4920 1800
4910 1800
4950 1800
4960 1800
4900 1800
4970 1800
4100 1800
4110 1800
4950 1820
4960 1820
4940 1820
4970 1820
4100 1820
4930 1820
4110 1820
4920 1820
4980 1820
4120 1820
4970 1840
4100 1840
4110 1840
4960 1840
4980 1840
4120 1840
4130 1840
4950 1840
4140 1840
4940 1840
4120 1860
4980 1860
4990 1860
4130 1860
4110 1860
4140 1860
4100 1860
4150 1860
4970 1860
4960 1860
4160 1880
4150 1880
4140 1880
4170 1880
4130 1880
4990 1880
4180 1880
4980 1880
4120 1880
4110 1880
4190 1900
4180 1900
4200 1900
4170 1900
4210 1900
4160 1900
4220 1900
4150 1900
4230 1900
4140 1900
4210 1920
4220 1920
4200 1920
4230 1920
4240 1920
4190 1920
4250 1920
4260 1920
4270 1920
4180 1920
4240 1940
4230 1940
4250 1940
4220 1940
4260 1940
4210 1940
4270 1940
4280 1940
4290 1940
4200 1940
4260 1960
4270 1960
4250 1960
4280 1960
4240 1960
4290 1960
4230 1960
4300 1960
4220 1960
4310 1960
4290 1980
4280 1980
4300 1980
4270 1980
4260 1980
4310 1980
4320 1980
4330 1980
4250 1980
4240 1980
4310 2000
4320 2000
4300 2000
4330 2000
4340 2000
4290 2000
4280 2000
4270 2000
4350 2000
4360 2000
4340 2020
4330 2020
4350 2020
4320 2020
4360 2020
4310 2020
4370 2020
4300 2020
4380 2020
4390 2020
4360 2040
4350 2040
4370 2040
4340 2040
4330 2040
4380 2040
4390 2040
4320 2040
4400 2040
4410 2040
4380 2060
4370 2060
4390 2060
4360 2060
4400 2060
4410 2060
4350 2060
4340 2060
4420 2060
4330 2060
4400 2080
4410 2080
4390 2080
4380 2080
4370 2080
4420 2080
4360 2080
4350 2080
4430 2080
4340 2080
730 2899
740 2899
750 2899
720 2899
760 2899
770 2899
710 2899
780 2899
750 2919
760 2919
740 2919
770 2919
730 2919
780 2919
790 2919
720 2919
770 2939
780 2939
760 2939
790 2939
800 2939
750 2939
810 2939
10 2939
0 2939
820 2939
800 2959
790 2959
810 2959
20 2959
10 2959
40 2959
0 2959
60 2959
30 2959
820 2959
820 2979
70 2979
60 2979
30 2979
0 2979
10 2979
50 2979
20 2979
80 2979
40 2979
110 2999
840 2999
100 2999
120 2999
830 2999
850 2999
130 2999
90 2999
70 2999
20 2999
860 3019
130 3019
140 3019
870 3019
150 3019
120 3019
850 3019
160 3019
880 3019
110 3019
160 3039
890 3039
880 3039
170 3039
900 3039
150 3039
180 3039
870 3039
140 3039
910 3039
910 3059
190 3059
180 3059
900 3059
920 3059
200 3059
170 3059
930 3059
150 3059
160 3059
210 3079
930 3079
940 3079
200 3079
920 3079
190 3079
220 3079
950 3079
910 3079
960 3079
230 3099
960 3099
950 3099
220 3099
240 3099
940 3099
970 3099
210 3099
980 3099
930 3099
250 3119
980 3119
970 3119
240 3119
990 3119
260 3119
960 3119
1000 3119
270 3119
230 3119
1000 3139
270 3139
260 3139
1010 3139
280 3139
990 3139
290 3139
1020 3139
1030 3139
980 3139
1020 3159
280 3159
1010 3159
1030 3159
290 3159
270 3159
300 3159
1040 3159
1000 3159
1050 3159
1040 3179
300 3179
1050 3179
290 3179
1030 3179
1020 3179
310 3179
1060 3179
280 3179
1010 3179
9000 3190
1060 3199
320 3199
1070 3199
310 3199
1050 3199
300 3199
1080 3199
330 3199
1040 3199
1030 3199
9000 3210
9010 3210
9020 3210
9000 3230
9010 3230
9020 3230
9030 3230
9040 3230
9060 3230
9050 3230
9070 3230
9080 3230
9090 3230
9020 3250
9030 3250
9010 3250
9040 3250
9050 3250
9000 3250
9060 3250
9070 3250
9090 3250
9080 3250
9040 3270
9050 3270
9030 3270
9060 3270
9020 3270
9010 3270
9070 3270
9080 3270
9090 3270
9000 3270
9060 3290
9050 3290
9070 3290
9040 3290
9080 3290
9030 3290
9090 3290
9020 3290
9100 3290
9010 3290
9070 3310
9080 3310
9090 3310
9060 3310
9050 3310
9100 3310
9040 3310
9030 3310
9020 3310
9110 3310
9090 3330
9080 3330
9100 3330
9110 3330
9070 3330
9120 3330
9060 3330
9050 3330
9130 3330
9040 3330
9100 3350
9110 3350
9090 3350
9120 3350
9080 3350
9130 3350
9140 3350
9070 3350
9060 3350
9150 3350
9110 3370
9120 3370
9130 3370
9100 3370
9140 3370
9090 3370
9080 3370
9150 3370
9070 3370
9160 3370
9130 3390
9120 3390
9140 3390
9110 3390
9150 3390
9100 3390
9090 3390
9160 3390
9170 3390
9080 3390
9140 3410
9150 3410
9130 3410
9160 3410
9120 3410
9170 3410
9110 3410
9180 3410
9100 3410
9090 3410
9160 3430
9170 3430
9150 3430
9180 3430
9140 3430
9130 3430
9190 3430
9200 3430
9120 3430
9110 3430
9180 3450
9170 3450
9190 3450
9160 3450
9200 3450
9210 3450
9150 3450
9140 3450
9220 3450
9230 3450
9200 3470
9190 3470
9210 3470
9180 3470
9170 3470
9220 3470
9230 3470
9160 3470
9150 3470
9140 3470
9210 3490
9220 3490
9200 3490
9230 3490
9190 3490
9180 3490
9240 3490
9250 3490
9170 3490
9160 3490
9230 3510
9220 3510
9240 3510
9210 3510
9250 3510
9200 3510
9260 3510
9190 3510
9270 3510
9280 3510
9240 3530
9250 3530
9230 3530
9260 3530
9220 3530
9270 3530
9280 3530
9210 3530
9300 3530
9290 3530
9260 3550
9270 3550
9250 3550
9280 3550
9240 3550
9230 3550
9300 3550
9290 3550
9220 3550
9310 3550
9280 3570
9270 3570
9290 3570
9260 3570
9300 3570
9320 3570
9250 3570
9310 3570
9330 3570
9240 3570
9290 3590
9300 3590
9280 3590
9310 3590
9320 3590
9270 3590
9330 3590
9340 3590
9260 3590
9250 3590
9310 3610
9320 3610
9300 3610
9330 3610
9290 3610
9340 3610
9280 3610
9350 3610
9270 3610
9360 3610
9330 3630
9340 3630
9320 3630
9350 3630
9310 3630
9300 3630
9360 3630
9290 3630
9370 3630
9280 3630
9350 3650
9340 3650
9360 3650
9330 3650
9370 3650
9320 3650
9310 3650
9290 3650
9300 3650
9280 3650
9360 3670
9350 3670
9370 3670
9340 3670
9330 3670
9380 3670
9320 3670
9310 3670
9300 3670
9280 3670
9370 3690
9380 3690
9360 3690
9350 3690
9340 3690
9330 3690
9320 3690
9310 3690
9300 3690
9290 3690
2540 7000
2550 7000
2530 7000
2520 7000
2560 7000
2570 7000
2510 7000
2580 7000
2500 7000
2590 7000
2560 7020
2550 7020
2570 7020
2540 7020
2580 7020
2530 7020
2520 7020
2590 7020
2510 7020
2600 7020
2570 7040
2580 7040
2560 7040
2550 7040
2590 7040
2540 7040
2600 7040
2530 7040
2520 7040
2610 7040
2590 7060
2580 7060
2600 7060
2570 7060
2560 7060
2610 7060
2620 7060
2550 7060
2630 7060
2540 7060
2600 7080
2610 7080
2620 7080
2590 7080
2630 7080
2580 7080
2640 7080
2650 7080
2570 7080
2560 7080
2620 7100
2630 7100
2610 7100
2640 7100
2650 7100
2600 7100
2590 7100
2660 7100
2580 7100
2670 7100
2640 7120
2650 7120
2630 7120
2660 7120
2670 7120
2620 7120
2680 7120
2610 7120
2600 7120
2690 7120
2670 7140
2660 7140
2650 7140
2680 7140
2640 7140
2690 7140
2630 7140
2700 7140
2620 7140
2710 7140
2690 7160
2680 7160
2670 7160
2700 7160
2710 7160
2660 7160
2720 7160
2650 7160
2640 7160
2730 7160
2700 7180
2710 7180
2690 7180
2720 7180
2680 7180
2730 7180
2760 7180
2740 7180
2670 7180
2780 7180
2720 7200
2730 7200
2740 7200
2710 7200
2750 7200
2700 7200
2760 7200
2770 7200
2780 7200
2690 7200
2750 7220
2740 7220
2760 7220
2770 7220
2730 7220
2790 7220
2780 7220
2810 7220
2720 7220
2800 7220
2770 7240
2760 7240
2780 7240
2790 7240
2750 7240
2800 7240
2810 7240
2740 7240
2820 7240
2830 7240
2790 7260
2780 7260
2800 7260
2810 7260
2770 7260
2820 7260
2830 7260
2760 7260
2840 7260
2850 7260
2810 7280
2820 7280
2800 7280
2830 7280
2790 7280
2840 7280
2780 7280
2850 7280
2860 7280
2870 7280
2830 7300
2840 7300
2850 7300
2820 7300
2860 7300
2870 7300
2800 7300
2810 7300
2880 7300
2790 7300
2860 7320
2870 7320
2850 7320
2880 7320
2840 7320
2890 7320
2830 7320
2820 7320
2900 7320
2810 7320
2880 7340
2890 7340
2870 7340
2900 7340
2860 7340
2840 7340
2850 7340
2830 7340
2820 7340
2810 7340
2900 7360
2890 7360
2880 7360
2870 7360
2850 7360
2860 7360
2830 7360
2840 7360
2820 7360
2800 7360
2900 7380
2890 7380
2880 7380
2870 7380
2860 7380
2840 7380
2850 7380
2830 7380
2820 7380
2800 7380
4680 9400
4670 9400
4690 9400
4670 9420
4680 9420
4690 9420
4700 9420
4710 9420
4660 9420
4720 9420
4730 9420
4740 9420
4750 9420
4690 9440
4680 9440
4700 9440
4670 9440
4710 9440
4720 9440
4660 9440
4750 9440
4730 9440
4740 9440
4710 9460
4700 9460
4720 9460
4690 9460
4680 9460
4730 9460
4670 9460
4740 9460
4750 9460
4660 9460
4730 9480
4720 9480
4740 9480
4710 9480
4750 9480
4700 9480
4760 9480
4690 9480
4770 9480
4680 9480
4750 9500
4740 9500
4760 9500
4730 9500
4770 9500
4720 9500
4780 9500
4710 9500
4790 9500
4800 9500
4770 9520
4760 9520
4780 9520
4750 9520
4790 9520
4740 9520
4800 9520
4730 9520
4810 9520
4820 9520
4780 9540
4790 9540
4800 9540
4770 9540
4810 9540
4820 9540
4760 9540
4750 9540
4830 9540
4740 9540
4810 9560
4800 9560
4820 9560
4790 9560
4830 9560
4780 9560
4840 9560
4770 9560
4760 9560
4850 9560
4820 9580
4810 9580
4830 9580
4840 9580
4800 9580
4790 9580
4780 9580
4850 9580
4770 9580
4860 9580
460 11000
450 11000
470 11000
490 11000
430 11000
440 11000
480 11000
500 11000
510 11000
520 11000
450 11020
440 11020
470 11020
460 11020
480 11020
430 11020
490 11020
500 11020
310 11020
1060 11020
460 11040
440 11040
480 11040
450 11040
490 11040
470 11040
430 11040
500 11040
510 11040
310 11040
460 11060
450 11060
440 11060
480 11060
470 11060
500 11060
430 11060
490 11060
510 11060
530 11060
460 11080
450 11080
440 11080
470 11080
490 11080
480 11080
500 11080
510 11080
430 11080
520 11080
430 11100
440 11100
420 11100
450 11100
460 11100
410 11100
480 11100
470 11100
490 11100
500 11100
420 11120
410 11120
430 11120
400 11120
390 11120
380 11120
440 11120
370 11120
450 11120
460 11120
420 11140
410 11140
430 11140
400 11140
440 11140
390 11140
450 11140
380 11140
460 11140
470 11140
430 11160
440 11160
420 11160
450 11160
460 11160
470 11160
480 11160
410 11160
510 11160
490 11160
460 11180
450 11180
470 11180
440 11180
480 11180
430 11180
490 11180
500 11180
520 11180
530 11180
480 11200
470 11200
460 11200
490 11200
450 11200
500 11200
520 11200
440 11200
510 11200
530 11200
500 11220
490 11220
480 11220
510 11220
470 11220
520 11220
460 11220
530 11220
450 11220
540 11220
510 11240
520 11240
500 11240
530 11240
490 11240
540 11240
480 11240
560 11240
470 11240
460 11240
530 11260
520 11260
540 11260
550 11260
510 11260
500 11260
490 11260
560 11260
480 11260
570 11260
550 11280
540 11280
560 11280
570 11280
530 11280
520 11280
580 11280
510 11280
600 11280
590 11280
570 11300
560 11300
580 11300
550 11300
590 11300
540 11300
600 11300
610 11300
530 11300
510 11300
580 11320
590 11320
570 11320
600 11320
610 11320
560 11320
620 11320
630 11320
550 11320
540 11320
600 11340
610 11340
590 11340
620 11340
630 11340
580 11340
640 11340
570 11340
650 11340
670 11340
620 11360
610 11360
630 11360
640 11360
600 11360
650 11360
660 11360
590 11360
580 11360
670 11360
640 11380
630 11380
650 11380
620 11380
660 11380
670 11380
610 11380
680 11380
600 11380
690 11380
650 11400
660 11400
640 11400
670 11400
680 11400
630 11400
690 11400
620 11400
610 11400
600 11400
680 11420
670 11420
660 11420
650 11420
690 11420
640 11420
700 11420
630 11420
620 11420
610 11420
700 11440
690 11440
710 11440
680 11440
670 11440
660 11440
720 11440
650 11440
640 11440
630 11440
720 11460
710 11460
730 11460
700 11460
740 11460
690 11460
750 11460
680 11460
740 11480
750 11480
730 11480
720 11480
760 11480
710 11480
770 11480
760 11500
770 11500
750 11500
780 11500
740 11500
790 11500
730 11500
800 11500
790 11520
780 11520
800 11520
770 11520
810 11520
30 11520
50 11520
10 11520
0 11520
40 11520
810 11540
800 11540
30 11540
20 11540
0 11540
10 11540
40 11540
60 11540
820 11540
50 11540
80 11560
60 11560
820 11560
70 11560
40 11560
30 11560
90 11560
830 11560
0 11560
50 11560
100 11580
840 11580
830 11580
110 11580
90 11580
80 11580
70 11580
850 11580
30 11580
0 11580
850 11600
120 11600
110 11600
840 11600
100 11600
130 11600
860 11600
90 11600
830 11600
140 11600
850 11620
130 11620
860 11620
120 11620
140 11620
110 11620
840 11620
870 11620
880 11620
150 11620
130 11640
860 11640
850 11640
120 11640
140 11640
870 11640
150 11640
110 11640
100 11640
880 11640
860 11660
130 11660
140 11660
850 11660
870 11660
120 11660
110 11660
160 11660
880 11660
150 11660
