800 11540
2870 7320
860 3019
100 11580
670 11420
9180 3430
9110 3350
470 11220
9360 3690
30 11540
120 11660
2760 7240
30 11580
110 3019
4730 1600
90 11580
4410 2060
9100 3390
900 3039
4940 1840
9200 3490
4960 1800
910 3059
140 11600
20 2959
10 2959
9330 3650
120 3019
2890 7340
9150 3410
4860 1720
160 3059
2550 7000
140 3019
610 11320
50 11560
780 11500
160 3039
440 11160
2810 7320
830 2999
9370 3670
2780 7240
4800 9580
9050 3250
2600 7080
1050 3159
740 2919
9230 3510
9350 3630
4910 1780
10 2979
9350 3650
680 11440
570 11320
9200 3470
9200 3450
9100 3330
9100 3350
4270 1980
70 11580
4780 1640
520 11240
730 2899
4380 2060
4410 2080
4970 1820
4690 1560
630 11380
4820 1680
700 11420
4900 1760
570 11300
4730 1560
2860 7280
4390 2060
150 11660
2880 7300
2780 7280
960 3099
240 3119
950 3079
1010 3139
4690 9460
1040 3199
430 11140
810 11520
850 11640
9310 3610
740 11480
9160 3410
160 11660
50 2979
470 11200
250 3119
4690 9440
4710 1560
9180 3450
4770 1620
100 11640
9100 3310
880 11640
560 11300
2800 7280
430 11100
4720 1560
820 11560
9140 3430
9300 3590
4700 9460
2900 7380
4370 2060
9010 3230
480 11180
290 3139
910 3079
2850 7320
2810 7240
4750 9480
430 11180
530 11280
4740 1620
700 11440
4760 1600
190 3079
4110 1860
4710 1580
790 2959
9120 3390
420 11120
500 11200
100 11600
4730 9460
4360 2020
4800 1660
790 11520
270 3159
4280 1980
4710 9480
9350 3690
2880 7340
4710 9440
9250 3550
1010 3159
1010 3179
9280 3550
4250 1940
2840 7260
9130 3390
9120 3410
9320 3630
150 3019
2600 7060
1040 3179
2610 7100
4710 1540
4300 1980
10 11540
290 3159
9080 3350
4800 9540
730 11480
4170 1880
9260 3530
4940 1800
2830 7300
420 11160
4740 1580
9310 3630
4770 1640
940 3099
1020 3179
4770 9520
2740 7240
9140 3370
4220 1940
30 11560
4920 1800
4670 9460
2840 7280
20 11540
860 11600
650 11360
720 2899
2870 7280
300 3179
4120 1880
680 11380
870 11620
550 11280
2660 7120
9210 3470
850 11620
730 11460
760 2919
4760 1640
9060 3270
4210 1940
480 11200
4210 1900
4420 2080
9240 3510
4740 9500
770 2939
9250 3530
4310 2000
2840 7320
310 3199
9040 3310
180 3059
4730 9500
2740 7200
4820 9580
4750 1620
1020 3139
670 11400
4820 9560
4140 1880
4200 1920
880 3039
870 11640
4790 1660
4850 1680
540 11280
810 2959
840 11620
870 3039
2900 7360
9000 3210
770 2919
850 11660
9220 3470
280 3179
4680 9420
610 11340
4770 9500
2730 7200
2680 7160
750 11500
420 11140
720 11480
4770 1660
4290 1980
2550 7020
9330 3610
4120 1860
9130 3350
2560 7020
2900 7320
640 11380
9050 3310
80 11560
920 3059
2790 7260
520 11220
9280 3590
9270 3570
4120 1840
4960 1860
2670 7160
2720 7180
4750 9520
4390 2040
220 3079
9340 3650
4810 1660
4910 1800
2850 7300
1030 3179
9380 3670
4770 9560
9190 3450
780 11520
4370 2020
4780 9520
9130 3370
620 11360
4330 2000
450 11160
820 2979
4850 9580
150 11640
2770 7260
80 2979
4680 9460
9140 3390
9280 3570
4260 1980
2830 7260
690 11420
60 2979
580 11300
9330 3670
4670 9440
4800 1700
4840 9580
2820 7280
9010 3250
9160 3450
9090 3370
2800 7300
9370 3690
960 3079
410 11120
9330 3630
9210 3490
4210 1920
4100 1840
1030 3139
800 2959
9230 3490
920 3079
290 3179
130 11640
2570 7060
4400 2060
2800 7260
450 11180
9070 3310
490 11220
9340 3610
1020 3159
9090 3330
2590 7080
9260 3570
4720 1580
490 11240
670 11380
4760 9540
2770 7240
9000 3230
2580 7040
600 11320
9360 3670
630 11340
2790 7280
60 2959
4110 1840
9040 3270
9080 3330
4790 9580
4160 1880
430 11160
4400 2080
4700 9480
4130 1840
4150 1860
170 3039
4780 9580
760 2939
2840 7340
800 11520
4230 1940
580 11320
2620 7100
30 2979
9170 3470
4940 1820
4670 1560
0 2979
4960 1820
4930 1800
4990 1880
9240 3550
2660 7140
70 2979
230 3119
4390 2080
4810 1680
2770 7220
130 11660
9030 3290
9260 3550
4370 2080
2650 7140
740 2899
4290 2000
4750 9500
4760 9500
850 11580
4880 1760
9180 3470
2650 7120
4760 9520
4700 1580
970 3119
4910 1760
9060 3310
4810 1640
640 11400
9300 3610
1000 3139
2850 7280
9070 3330
260 3119
20 2999
750 11480
4940 1780
4240 1920
1030 3199
4870 1720
520 11260
2840 7300
4690 1540
4740 1600
550 11300
4780 9540
9240 3530
4780 1660
4720 1600
4800 9560
640 11420
930 3079
9300 3570
330 3199
9080 3310
530 11240
720 11460
840 11580
4980 1860
1050 3179
4250 1960
4260 1940
4920 1780
2760 7260
9150 3390
4800 1680
880 11620
2700 7160
4830 1720
4840 1680
9030 3270
610 11360
960 3119
9220 3530
9020 3270
460 11200
110 11660
9040 3250
9250 3510
310 3179
4300 2000
9110 3330
980 3119
9290 3570
810 11540
4840 9560
4280 1960
750 2919
4190 1900
9370 3650
2740 7220
9320 3650
4350 2060
2560 7040
2580 7060
940 3079
4130 1860
980 3099
2850 7260
2800 7240
270 3139
320 3199
2570 7020
4700 1540
4800 1640
9130 3410
2700 7180
4730 9480
4320 2000
9020 3230
9070 3270
670 11440
40 2959
590 11340
4180 1880
4350 2020
9090 3350
9010 3270
80 11580
4230 1920
4820 9540
600 11360
230 3099
260 3139
280 3159
9000 3250
700 11460
2730 7220
1060 3199
4690 1580
2750 7220
770 11520
4180 1900
280 3139
9340 3670
2630 7100
4860 1700
820 2959
4130 1880
630 11360
9050 3290
4800 1620
1040 3159
4790 1640
2820 7300
9320 3610
4820 1640
200 3079
2680 7140
4760 1620
490 11200
2670 7140
500 11240
4850 1700
1050 3199
2900 7340
4810 9580
850 2999
300 3159
2820 7320
4340 2020
2690 7180
2890 7360
990 3139
2520 7000
4770 9540
9190 3470
4680 1540
660 11420
4340 2040
4720 9480
680 11400
840 2999
2690 7160
4720 9440
690 11400
4380 2040
150 3039
860 11640
4730 1580
4830 1680
2860 7340
9350 3670
4920 1760
150 3059
110 11600
4710 9460
750 2899
510 11260
4270 1960
90 11600
680 11420
2890 7380
0 11540
930 3059
4140 1860
9040 3290
9210 3510
4810 1700
4980 1840
4790 1680
2610 7080
9270 3550
4790 9540
9120 3330
9340 3630
