610,11300
610,11320
610,11340
610,11360
610,11380
610,11400
610,11420
610,11440
610,11460
610,11480
620,11300
620,11320
620,11340
620,11360
620,11380
620,11400
620,11420
620,11440
620,11460
620,11480
630,11300
630,11320
630,11340
630,11360
630,11380
630,11400
630,11420
630,11440
630,11460
630,11480
640,11300
640,11320
640,11340
640,11360
640,11380
640,11400
640,11420
640,11440
640,11460
640,11480
650,11300
650,11320
650,11340
650,11360
650,11380
650,11400
650,11420
650,11440
650,11460
650,11480
660,11300
660,11320
660,11340
660,11360
660,11380
660,11400
660,11420
660,11440
660,11460
660,11480
670,11300
670,11320
670,11340
670,11360
670,11380
670,11400
670,11420
670,11440
670,11460
670,11480
680,11300
680,11320
680,11340
680,11360
680,11380
680,11400
680,11420
680,11440
680,11460
680,11480
690,11300
690,11320
690,11340
690,11360
690,11380
690,11400
690,11420
690,11440
690,11460
690,11480
700,11300
700,11320
700,11340
700,11360
700,11380
700,11400
700,11420
700,11440
700,11460
700,11480
710,11300
710,11320
710,11340
710,11360
710,11380
710,11400
710,11420
710,11440
710,11460
710,11480
720,11300
720,11320
720,11340
720,11360
720,11380
720,11400
720,11420
720,11440
720,11460
720,11480
730,11300
730,11320
730,11340
730,11360
730,11380
730,11400
730,11420
730,11440
730,11460
730,11480
740,11300
740,11320
740,11340
740,11360
740,11380
740,11400
740,11420
740,11440
740,11460
740,11480
750,11300
750,11320
750,11340
750,11360
750,11380
750,11400
750,11420
750,11440
750,11460
750,11480
760,11300
760,11320
760,11340
760,11360
760,11380
760,11400
760,11420
760,11440
760,11460
760,11480
770,11300
770,11320
770,11340
770,11360
770,11380
770,11400
770,11420
770,11440
770,11460
770,11480
780,11300
780,11320
780,11340
780,11360
780,11380
780,11400
780,11420
780,11440
780,11460
780,11480
790,11300
790,11320
790,11340
790,11360
790,11380
790,11400
790,11420
790,11440
790,11460
790,11480
800,11300
800,11320
800,11340
800,11360
800,11380
800,11400
800,11420
800,11440
800,11460
800,11480
810,11300
810,11320
810,11340
810,11360
810,11380
810,11400
810,11420
810,11440
810,11460
810,11480
820,11300
820,11320
820,11340
820,11360
820,11380
820,11400
820,11420
820,11440
820,11460
820,11480
830,11300
830,11320
830,11340
830,11360
830,11380
830,11400
830,11420
830,11440
830,11460
830,11480
840,11300
840,11320
840,11340
840,11360
840,11380
840,11400
840,11420
840,11440
840,11460
840,11480
850,11300
850,11320
850,11340
850,11360
850,11380
850,11400
850,11420
850,11440
850,11460
850,11480
860,11300
860,11320
860,11340
860,11360
860,11380
860,11400
860,11420
860,11440
860,11460
860,11480
870,11300
870,11320
870,11340
870,11360
870,11380
870,11400
870,11420
870,11440
870,11460
870,11480
880,11300
880,11320
880,11340
880,11360
880,11380
880,11400
880,11420
880,11440
880,11460
880,11480
890,11300
890,11320
890,11340
890,11360
890,11380
890,11400
890,11420
890,11440
890,11460
890,11480
900,11300
900,11320
900,11340
900,11360
900,11380
900,11400
900,11420
900,11440
900,11460
900,11480
910,11300
910,11320
910,11340
910,11360
910,11380
910,11400
910,11420
910,11440
910,11460
910,11480
920,11300
920,11320
920,11340
920,11360
920,11380
920,11400
920,11420
920,11440
920,11460
920,11480
930,11300
930,11320
930,11340
930,11360
930,11380
930,11400
930,11420
930,11440
930,11460
930,11480
940,11300
940,11320
940,11340
940,11360
940,11380
940,11400
940,11420
940,11440
940,11460
940,11480
950,11300
950,11320
950,11340
950,11360
950,11380
950,11400
950,11420
950,11440
950,11460
950,11480
960,11300
960,11320
960,11340
960,11360
960,11380
960,11400
960,11420
960,11440
960,11460
960,11480
970,11300
970,11320
970,11340
970,11360
970,11380
970,11400
970,11420
970,11440
970,11460
970,11480
980,11300
980,11320
980,11340
980,11360
980,11380
980,11400
980,11420
980,11440
980,11460
980,11480
990,11300
990,11320
990,11340
990,11360
990,11380
990,11400
990,11420
990,11440
990,11460
990,11480
4000,5000
4000,5020
4000,5040
4000,5060
4000,5080
4000,5100
4000,5120
4000,5140
4000,5160
4000,5180
4010,5000
4010,5020
4010,5040
4010,5060
4010,5080
4010,5100
4010,5120
4010,5140
4010,5160
4010,5180
4020,5000
4020,5020
4020,5040
4020,5060
4020,5080
4020,5100
4020,5120
4020,5140
4020,5160
4020,5180
4030,5000
4030,5020
4030,5040
4030,5060
4030,5080
4030,5100
4030,5120
4030,5140
4030,5160
4030,5180
4040,5000
4040,5020
4040,5040
4040,5060
4040,5080
4040,5100
4040,5120
4040,5140
4040,5160
4040,5180
4050,5000
4050,5020
4050,5040
4050,5060
4050,5080
4050,5100
4050,5120
4050,5140
4050,5160
4050,5180
4060,5000
4060,5020
4060,5040
4060,5060
4060,5080
4060,5100
4060,5120
4060,5140
4060,5160
4060,5180
4070,5000
4070,5020
4070,5040
4070,5060
4070,5080
4070,5100
4070,5120
4070,5140
4070,5160
4070,5180
4080,5000
4080,5020
4080,5040
4080,5060
4080,5080
4080,5100
4080,5120
4080,5140
4080,5160
4080,5180
4090,5000
4090,5020
4090,5040
4090,5060
4090,5080
4090,5100
4090,5120
4090,5140
4090,5160
4090,5180
4100,5000
4100,5020
4100,5040
4100,5060
4100,5080
4100,5100
4100,5120
4100,5140
4100,5160
4100,5180
4110,5000
4110,5020
4110,5040
4110,5060
4110,5080
4110,5100
4110,5120
4110,5140
4110,5160
4110,5180
4120,5000
4120,5020
4120,5040
4120,5060
4120,5080
4120,5100
4120,5120
4120,5140
4120,5160
4120,5180
4130,5000
4130,5020
4130,5040
4130,5060
4130,5080
4130,5100
4130,5120
4130,5140
4130,5160
4130,5180
4140,5000
4140,5020
4140,5040
4140,5060
4140,5080
4140,5100
4140,5120
4140,5140
4140,5160
4140,5180
4150,5000
4150,5020
4150,5040
4150,5060
4150,5080
4150,5100
4150,5120
4150,5140
4150,5160
4150,5180
4160,5000
4160,5020
4160,5040
4160,5060
4160,5080
4160,5100
4160,5120
4160,5140
4160,5160
4160,5180
4170,5000
4170,5020
4170,5040
4170,5060
4170,5080
4170,5100
4170,5120
4170,5140
4170,5160
4170,5180
4180,5000
4180,5020
4180,5040
4180,5060
4180,5080
4180,5100
4180,5120
4180,5140
4180,5160
4180,5180
4190,5000
4190,5020
4190,5040
4190,5060
4190,5080
4190,5100
4190,5120
4190,5140
4190,5160
4190,5180
8000,8700
8000,8720
8000,8740
8000,8760
8000,8780
8000,8800
8000,8820
8000,8840
8000,8860
8000,8880
8000,8900
8000,8920
8000,8940
8000,8960
8000,8980
8000,9000
8000,9020
8000,9040
8000,9060
8000,9080
8000,9100
8000,9120
8000,9140
8000,9160
8000,9180
8000,9200
8000,9220
8000,9240
8000,9260
8000,9280
8000,9300
8000,9320
8000,9340
8000,9360
8000,9380
8000,9400
8000,9420
8000,9440
8000,9460
8000,9480
8010,8700
8010,8720
8010,8740
8010,8760
8010,8780
8010,8800
8010,8820
8010,8840
8010,8860
8010,8880
8010,8900
8010,8920
8010,8940
8010,8960
8010,8980
8010,9000
8010,9020
8010,9040
8010,9060
8010,9080
8010,9100
8010,9120
8010,9140
8010,9160
8010,9180
8010,9200
8010,9220
8010,9240
8010,9260
8010,9280
8010,9300
8010,9320
8010,9340
8010,9360
8010,9380
8010,9400
8010,9420
8010,9440
8010,9460
8010,9480
8020,8700
8020,8720
8020,8740
8020,8760
8020,8780
8020,8800
8020,8820
8020,8840
8020,8860
8020,8880
8020,8900
8020,8920
8020,8940
8020,8960
8020,8980
8020,9000
8020,9020
8020,9040
8020,9060
8020,9080
8020,9100
8020,9120
8020,9140
8020,9160
8020,9180
8020,9200
8020,9220
8020,9240
8020,9260
8020,9280
8020,9300
8020,9320
8020,9340
8020,9360
8020,9380
8020,9400
8020,9420
8020,9440
8020,9460
8020,9480
8030,8700
8030,8720
8030,8740
8030,8760
8030,8780
8030,8800
8030,8820
8030,8840
8030,8860
8030,8880
8030,8900
8030,8920
8030,8940
8030,8960
8030,8980
8030,9000
8030,9020
8030,9040
8030,9060
8030,9080
8030,9100
8030,9120
8030,9140
8030,9160
8030,9180
8030,9200
8030,9220
8030,9240
8030,9260
8030,9280
8030,9300
8030,9320
8030,9340
8030,9360
8030,9380
8030,9400
8030,9420
8030,9440
8030,9460
8030,9480
8040,8700
8040,8720
8040,8740
8040,8760
8040,8780
8040,8800
8040,8820
8040,8840
8040,8860
8040,8880
8040,8900
8040,8920
8040,8940
8040,8960
8040,8980
8040,9000
8040,9020
8040,9040
8040,9060
8040,9080
8040,9100
8040,9120
8040,9140
8040,9160
8040,9180
8040,9200
8040,9220
8040,9240
8040,9260
8040,9280
8040,9300
8040,9320
8040,9340
8040,9360
8040,9380
8040,9400
8040,9420
8040,9440
8040,9460
8040,9480
8050,8700
8050,8720
8050,8740
8050,8760
8050,8780
8050,8800
8050,8820
8050,8840
8050,8860
8050,8880
8050,8900
8050,8920
8050,8940
8050,8960
8050,8980
8050,9000
8050,9020
8050,9040
8050,9060
8050,9080
8050,9100
8050,9120
8050,9140
8050,9160
8050,9180
8050,9200
8050,9220
8050,9240
8050,9260
8050,9280
8050,9300
8050,9320
8050,9340
8050,9360
8050,9380
8050,9400
8050,9420
8050,9440
8050,9460
8050,9480
8060,8700
8060,8720
8060,8740
8060,8760
8060,8780
8060,8800
8060,8820
8060,8840
8060,8860
8060,8880
8060,8900
8060,8920
8060,8940
8060,8960
8060,8980
8060,9000
8060,9020
8060,9040
8060,9060
8060,9080
8060,9100
8060,9120
8060,9140
8060,9160
8060,9180
8060,9200
8060,9220
8060,9240
8060,9260
8060,9280
8060,9300
8060,9320
8060,9340
8060,9360
8060,9380
8060,9400
8060,9420
8060,9440
8060,9460
8060,9480
8070,8700
8070,8720
8070,8740
8070,8760
8070,8780
8070,8800
8070,8820
8070,8840
8070,8860
8070,8880
8070,8900
8070,8920
8070,8940
8070,8960
8070,8980
8070,9000
8070,9020
8070,9040
8070,9060
8070,9080
8070,9100
8070,9120
8070,9140
8070,9160
8070,9180
8070,9200
8070,9220
8070,9240
8070,9260
8070,9280
8070,9300
8070,9320
8070,9340
8070,9360
8070,9380
8070,9400
8070,9420
8070,9440
8070,9460
8070,9480
8080,8700
8080,8720
8080,8740
8080,8760
8080,8780
8080,8800
8080,8820
8080,8840
8080,8860
8080,8880
8080,8900
8080,8920
8080,8940
8080,8960
8080,8980
8080,9000
8080,9020
8080,9040
8080,9060
8080,9080
8080,9100
8080,9120
8080,9140
8080,9160
8080,9180
8080,9200
8080,9220
8080,9240
8080,9260
8080,9280
8080,9300
8080,9320
8080,9340
8080,9360
8080,9380
8080,9400
8080,9420
8080,9440
8080,9460
8080,9480
8090,8700
8090,8720
8090,8740
8090,8760
8090,8780
8090,8800
8090,8820
8090,8840
8090,8860
8090,8880
8090,8900
8090,8920
8090,8940
8090,8960
8090,8980
8090,9000
8090,9020
8090,9040
8090,9060
8090,9080
8090,9100
8090,9120
8090,9140
8090,9160
8090,9180
8090,9200
8090,9220
8090,9240
8090,9260
8090,9280
8090,9300
8090,9320
8090,9340
8090,9360
8090,9380
8090,9400
8090,9420
8090,9440
8090,9460
8090,9480
8100,8700
8100,8720
8100,8740
8100,8760
8100,8780
8100,8800
8100,8820
8100,8840
8100,8860
8100,8880
8100,8900
8100,8920
8100,8940
8100,8960
8100,8980
8100,9000
8100,9020
8100,9040
8100,9060
8100,9080
8100,9100
8100,9120
8100,9140
8100,9160
8100,9180
8100,9200
8100,9220
8100,9240
8100,9260
8100,9280
8100,9300
8100,9320
8100,9340
8100,9360
8100,9380
8100,9400
8100,9420
8100,9440
8100,9460
8100,9480
8110,8700
8110,8720
8110,8740
8110,8760
8110,8780
8110,8800
8110,8820
8110,8840
8110,8860
8110,8880
8110,8900
8110,8920
8110,8940
8110,8960
8110,8980
8110,9000
8110,9020
8110,9040
8110,9060
8110,9080
8110,9100
8110,9120
8110,9140
8110,9160
8110,9180
8110,9200
8110,9220
8110,9240
8110,9260
8110,9280
8110,9300
8110,9320
8110,9340
8110,9360
8110,9380
8110,9400
8110,9420
8110,9440
8110,9460
8110,9480
8120,8700
8120,8720
8120,8740
8120,8760
8120,8780
8120,8800
8120,8820
8120,8840
8120,8860
8120,8880
8120,8900
8120,8920
8120,8940
8120,8960
8120,8980
8120,9000
8120,9020
8120,9040
8120,9060
8120,9080
8120,9100
8120,9120
8120,9140
8120,9160
8120,9180
8120,9200
8120,9220
8120,9240
8120,9260
8120,9280
8120,9300
8120,9320
8120,9340
8120,9360
8120,9380
8120,9400
8120,9420
8120,9440
8120,9460
8120,9480
8130,8700
8130,8720
8130,8740
8130,8760
8130,8780
8130,8800
8130,8820
8130,8840
8130,8860
8130,8880
8130,8900
8130,8920
8130,8940
8130,8960
8130,8980
8130,9000
8130,9020
8130,9040
8130,9060
8130,9080
8130,9100
8130,9120
8130,9140
8130,9160
8130,9180
8130,9200
8130,9220
8130,9240
8130,9260
8130,9280
8130,9300
8130,9320
8130,9340
8130,9360
8130,9380
8130,9400
8130,9420
8130,9440
8130,9460
8130,9480
8140,8700
8140,8720
8140,8740
8140,8760
8140,8780
8140,8800
8140,8820
8140,8840
8140,8860
8140,8880
8140,8900
8140,8920
8140,8940
8140,8960
8140,8980
8140,9000
8140,9020
8140,9040
8140,9060
8140,9080
8140,9100
8140,9120
8140,9140
8140,9160
8140,9180
8140,9200
8140,9220
8140,9240
8140,9260
8140,9280
8140,9300
8140,9320
8140,9340
8140,9360
8140,9380
8140,9400
8140,9420
8140,9440
8140,9460
8140,9480
8150,8700
8150,8720
8150,8740
8150,8760
8150,8780
8150,8800
8150,8820
8150,8840
8150,8860
8150,8880
8150,8900
8150,8920
8150,8940
8150,8960
8150,8980
8150,9000
8150,9020
8150,9040
8150,9060
8150,9080
8150,9100
8150,9120
8150,9140
8150,9160
8150,9180
8150,9200
8150,9220
8150,9240
8150,9260
8150,9280
8150,9300
8150,9320
8150,9340
8150,9360
8150,9380
8150,9400
8150,9420
8150,9440
8150,9460
8150,9480
8160,8700
8160,8720
8160,8740
8160,8760
8160,8780
8160,8800
8160,8820
8160,8840
8160,8860
8160,8880
8160,8900
8160,8920
8160,8940
8160,8960
8160,8980
8160,9000
8160,9020
8160,9040
8160,9060
8160,9080
8160,9100
8160,9120
8160,9140
8160,9160
8160,9180
8160,9200
8160,9220
8160,9240
8160,9260
8160,9280
8160,9300
8160,9320
8160,9340
8160,9360
8160,9380
8160,9400
8160,9420
8160,9440
8160,9460
8160,9480
8170,8700
8170,8720
8170,8740
8170,8760
8170,8780
8170,8800
8170,8820
8170,8840
8170,8860
8170,8880
8170,8900
8170,8920
8170,8940
8170,8960
8170,8980
8170,9000
8170,9020
8170,9040
8170,9060
8170,9080
8170,9100
8170,9120
8170,9140
8170,9160
8170,9180
8170,9200
8170,9220
8170,9240
8170,9260
8170,9280
8170,9300
8170,9320
8170,9340
8170,9360
8170,9380
8170,9400
8170,9420
8170,9440
8170,9460
8170,9480
8180,8700
8180,8720
8180,8740
8180,8760
8180,8780
8180,8800
8180,8820
8180,8840
8180,8860
8180,8880
8180,8900
8180,8920
8180,8940
8180,8960
8180,8980
8180,9000
8180,9020
8180,9040
8180,9060
8180,9080
8180,9100
8180,9120
8180,9140
8180,9160
8180,9180
8180,9200
8180,9220
8180,9240
8180,9260
8180,9280
8180,9300
8180,9320
8180,9340
8180,9360
8180,9380
8180,9400
8180,9420
8180,9440
8180,9460
8180,9480
8190,8700
8190,8720
8190,8740
8190,8760
8190,8780
8190,8800
8190,8820
8190,8840
8190,8860
8190,8880
8190,8900
8190,8920
8190,8940
8190,8960
8190,8980
8190,9000
8190,9020
8190,9040
8190,9060
8190,9080
8190,9100
8190,9120
8190,9140
8190,9160
8190,9180
8190,9200
8190,9220
8190,9240
8190,9260
8190,9280
8190,9300
8190,9320
8190,9340
8190,9360
8190,9380
8190,9400
8190,9420
8190,9440
8190,9460
8190,9480
8200,8700
8200,8720
8200,8740
8200,8760
8200,8780
8200,8800
8200,8820
8200,8840
8200,8860
8200,8880
8200,8900
8200,8920
8200,8940
8200,8960
8200,8980
8200,9000
8200,9020
8200,9040
8200,9060
8200,9080
8200,9100
8200,9120
8200,9140
8200,9160
8200,9180
8200,9200
8200,9220
8200,9240
8200,9260
8200,9280
8200,9300
8200,9320
8200,9340
8200,9360
8200,9380
8200,9400
8200,9420
8200,9440
8200,9460
8200,9480
8210,8700
8210,8720
8210,8740
8210,8760
8210,8780
8210,8800
8210,8820
8210,8840
8210,8860
8210,8880
8210,8900
8210,8920
8210,8940
8210,8960
8210,8980
8210,9000
8210,9020
8210,9040
8210,9060
8210,9080
8210,9100
8210,9120
8210,9140
8210,9160
8210,9180
8210,9200
8210,9220
8210,9240
8210,9260
8210,9280
8210,9300
8210,9320
8210,9340
8210,9360
8210,9380
8210,9400
8210,9420
8210,9440
8210,9460
8210,9480
8220,8700
8220,8720
8220,8740
8220,8760
8220,8780
8220,8800
8220,8820
8220,8840
8220,8860
8220,8880
8220,8900
8220,8920
8220,8940
8220,8960
8220,8980
8220,9000
8220,9020
8220,9040
8220,9060
8220,9080
8220,9100
8220,9120
8220,9140
8220,9160
8220,9180
8220,9200
8220,9220
8220,9240
8220,9260
8220,9280
8220,9300
8220,9320
8220,9340
8220,9360
8220,9380
8220,9400
8220,9420
8220,9440
8220,9460
8220,9480
8230,8700
8230,8720
8230,8740
8230,8760
8230,8780
8230,8800
8230,8820
8230,8840
8230,8860
8230,8880
8230,8900
8230,8920
8230,8940
8230,8960
8230,8980
8230,9000
8230,9020
8230,9040
8230,9060
8230,9080
8230,9100
8230,9120
8230,9140
8230,9160
8230,9180
8230,9200
8230,9220
8230,9240
8230,9260
8230,9280
8230,9300
8230,9320
8230,9340
8230,9360
8230,9380
8230,9400
8230,9420
8230,9440
8230,9460
8230,9480
8240,8700
8240,8720
8240,8740
8240,8760
8240,8780
8240,8800
8240,8820
8240,8840
8240,8860
8240,8880
8240,8900
8240,8920
8240,8940
8240,8960
8240,8980
8240,9000
8240,9020
8240,9040
8240,9060
8240,9080
8240,9100
8240,9120
8240,9140
8240,9160
8240,9180
8240,9200
8240,9220
8240,9240
8240,9260
8240,9280
8240,9300
8240,9320
8240,9340
8240,9360
8240,9380
8240,9400
8240,9420
8240,9440
8240,9460
8240,9480
8250,8700
8250,8720
8250,8740
8250,8760
8250,8780
8250,8800
8250,8820
8250,8840
8250,8860
8250,8880
8250,8900
8250,8920
8250,8940
8250,8960
8250,8980
8250,9000
8250,9020
8250,9040
8250,9060
8250,9080
8250,9100
8250,9120
8250,9140
8250,9160
8250,9180
8250,9200
8250,9220
8250,9240
8250,9260
8250,9280
8250,9300
8250,9320
8250,9340
8250,9360
8250,9380
8250,9400
8250,9420
8250,9440
8250,9460
8250,9480
8260,8700
8260,8720
8260,8740
8260,8760
8260,8780
8260,8800
8260,8820
8260,8840
8260,8860
8260,8880
8260,8900
8260,8920
8260,8940
8260,8960
8260,8980
8260,9000
8260,9020
8260,9040
8260,9060
8260,9080
8260,9100
8260,9120
8260,9140
8260,9160
8260,9180
8260,9200
8260,9220
8260,9240
8260,9260
8260,9280
8260,9300
8260,9320
8260,9340
8260,9360
8260,9380
8260,9400
8260,9420
8260,9440
8260,9460
8260,9480
8270,8700
8270,8720
8270,8740
8270,8760
8270,8780
8270,8800
8270,8820
8270,8840
8270,8860
8270,8880
8270,8900
8270,8920
8270,8940
8270,8960
8270,8980
8270,9000
8270,9020
8270,9040
8270,9060
8270,9080
8270,9100
8270,9120
8270,9140
8270,9160
8270,9180
8270,9200
8270,9220
8270,9240
8270,9260
8270,9280
8270,9300
8270,9320
8270,9340
8270,9360
8270,9380
8270,9400
8270,9420
8270,9440
8270,9460
8270,9480
8280,8700
8280,8720
8280,8740
8280,8760
8280,8780
8280,8800
8280,8820
8280,8840
8280,8860
8280,8880
8280,8900
8280,8920
8280,8940
8280,8960
8280,8980
8280,9000
8280,9020
8280,9040
8280,9060
8280,9080
8280,9100
8280,9120
8280,9140
8280,9160
8280,9180
8280,9200
8280,9220
8280,9240
8280,9260
8280,9280
8280,9300
8280,9320
8280,9340
8280,9360
8280,9380
8280,9400
8280,9420
8280,9440
8280,9460
8280,9480
8290,8700
8290,8720
8290,8740
8290,8760
8290,8780
8290,8800
8290,8820
8290,8840
8290,8860
8290,8880
8290,8900
8290,8920
8290,8940
8290,8960
8290,8980
8290,9000
8290,9020
8290,9040
8290,9060
8290,9080
8290,9100
8290,9120
8290,9140
8290,9160
8290,9180
8290,9200
8290,9220
8290,9240
8290,9260
8290,9280
8290,9300
8290,9320
8290,9340
8290,9360
8290,9380
8290,9400
8290,9420
8290,9440
8290,9460
8290,9480
8300,8700
8300,8720
8300,8740
8300,8760
8300,8780
8300,8800
8300,8820
8300,8840
8300,8860
8300,8880
8300,8900
8300,8920
8300,8940
8300,8960
8300,8980
8300,9000
8300,9020
8300,9040
8300,9060
8300,9080
8300,9100
8300,9120
8300,9140
8300,9160
8300,9180
8300,9200
8300,9220
8300,9240
8300,9260
8300,9280
8300,9300
8300,9320
8300,9340
8300,9360
8300,9380
8300,9400
8300,9420
8300,9440
8300,9460
8300,9480
8310,8700
8310,8720
8310,8740
8310,8760
8310,8780
8310,8800
8310,8820
8310,8840
8310,8860
8310,8880
8310,8900
8310,8920
8310,8940
8310,8960
8310,8980
8310,9000
8310,9020
8310,9040
8310,9060
8310,9080
8310,9100
8310,9120
8310,9140
8310,9160
8310,9180
8310,9200
8310,9220
8310,9240
8310,9260
8310,9280
8310,9300
8310,9320
8310,9340
8310,9360
8310,9380
8310,9400
8310,9420
8310,9440
8310,9460
8310,9480
8320,8700
8320,8720
8320,8740
8320,8760
8320,8780
8320,8800
8320,8820
8320,8840
8320,8860
8320,8880
8320,8900
8320,8920
8320,8940
8320,8960
8320,8980
8320,9000
8320,9020
8320,9040
8320,9060
8320,9080
8320,9100
8320,9120
8320,9140
8320,9160
8320,9180
8320,9200
8320,9220
8320,9240
8320,9260
8320,9280
8320,9300
8320,9320
8320,9340
8320,9360
8320,9380
8320,9400
8320,9420
8320,9440
8320,9460
8320,9480
8330,8700
8330,8720
8330,8740
8330,8760
8330,8780
8330,8800
8330,8820
8330,8840
8330,8860
8330,8880
8330,8900
8330,8920
8330,8940
8330,8960
8330,8980
8330,9000
8330,9020
8330,9040
8330,9060
8330,9080
8330,9100
8330,9120
8330,9140
8330,9160
8330,9180
8330,9200
8330,9220
8330,9240
8330,9260
8330,9280
8330,9300
8330,9320
8330,9340
8330,9360
8330,9380
8330,9400
8330,9420
8330,9440
8330,9460
8330,9480
8340,8700
8340,8720
8340,8740
8340,8760
8340,8780
8340,8800
8340,8820
8340,8840
8340,8860
8340,8880
8340,8900
8340,8920
8340,8940
8340,8960
8340,8980
8340,9000
8340,9020
8340,9040
8340,9060
8340,9080
8340,9100
8340,9120
8340,9140
8340,9160
8340,9180
8340,9200
8340,9220
8340,9240
8340,9260
8340,9280
8340,9300
8340,9320
8340,9340
8340,9360
8340,9380
8340,9400
8340,9420
8340,9440
8340,9460
8340,9480
8350,8700
8350,8720
8350,8740
8350,8760
8350,8780
8350,8800
8350,8820
8350,8840
8350,8860
8350,8880
8350,8900
8350,8920
8350,8940
8350,8960
8350,8980
8350,9000
8350,9020
8350,9040
8350,9060
8350,9080
8350,9100
8350,9120
8350,9140
8350,9160
8350,9180
8350,9200
8350,9220
8350,9240
8350,9260
8350,9280
8350,9300
8350,9320
8350,9340
8350,9360
8350,9380
8350,9400
8350,9420
8350,9440
8350,9460
8350,9480
8360,8700
8360,8720
8360,8740
8360,8760
8360,8780
8360,8800
8360,8820
8360,8840
8360,8860
8360,8880
8360,8900
8360,8920
8360,8940
8360,8960
8360,8980
8360,9000
8360,9020
8360,9040
8360,9060
8360,9080
8360,9100
8360,9120
8360,9140
8360,9160
8360,9180
8360,9200
8360,9220
8360,9240
8360,9260
8360,9280
8360,9300
8360,9320
8360,9340
8360,9360
8360,9380
8360,9400
8360,9420
8360,9440
8360,9460
8360,9480
8370,8700
8370,8720
8370,8740
8370,8760
8370,8780
8370,8800
8370,8820
8370,8840
8370,8860
8370,8880
8370,8900
8370,8920
8370,8940
8370,8960
8370,8980
8370,9000
8370,9020
8370,9040
8370,9060
8370,9080
8370,9100
8370,9120
8370,9140
8370,9160
8370,9180
8370,9200
8370,9220
8370,9240
8370,9260
8370,9280
8370,9300
8370,9320
8370,9340
8370,9360
8370,9380
8370,9400
8370,9420
8370,9440
8370,9460
8370,9480
8380,8700
8380,8720
8380,8740
8380,8760
8380,8780
8380,8800
8380,8820
8380,8840
8380,8860
8380,8880
8380,8900
8380,8920
8380,8940
8380,8960
8380,8980
8380,9000
8380,9020
8380,9040
8380,9060
8380,9080
8380,9100
8380,9120
8380,9140
8380,9160
8380,9180
8380,9200
8380,9220
8380,9240
8380,9260
8380,9280
8380,9300
8380,9320
8380,9340
8380,9360
8380,9380
8380,9400
8380,9420
8380,9440
8380,9460
8380,9480
8390,8700
8390,8720
8390,8740
8390,8760
8390,8780
8390,8800
8390,8820
8390,8840
8390,8860
8390,8880
8390,8900
8390,8920
8390,8940
8390,8960
8390,8980
8390,9000
8390,9020
8390,9040
8390,9060
8390,9080
8390,9100
8390,9120
8390,9140
8390,9160
8390,9180
8390,9200
8390,9220
8390,9240
8390,9260
8390,9280
8390,9300
8390,9320
8390,9340
8390,9360
8390,9380
8390,9400
8390,9420
8390,9440
8390,9460
8390,9480
8400,8700
8400,8720
8400,8740
8400,8760
8400,8780
8400,8800
8400,8820
8400,8840
8400,8860
8400,8880
8400,8900
8400,8920
8400,8940
8400,8960
8400,8980
8400,9000
8400,9020
8400,9040
8400,9060
8400,9080
8400,9100
8400,9120
8400,9140
8400,9160
8400,9180
8400,9200
8400,9220
8400,9240
8400,9260
8400,9280
8400,9300
8400,9320
8400,9340
8400,9360
8400,9380
8400,9400
8400,9420
8400,9440
8400,9460
8400,9480
8410,8700
8410,8720
8410,8740
8410,8760
8410,8780
8410,8800
8410,8820
8410,8840
8410,8860
8410,8880
8410,8900
8410,8920
8410,8940
8410,8960
8410,8980
8410,9000
8410,9020
8410,9040
8410,9060
8410,9080
8410,9100
8410,9120
8410,9140
8410,9160
8410,9180
8410,9200
8410,9220
8410,9240
8410,9260
8410,9280
8410,9300
8410,9320
8410,9340
8410,9360
8410,9380
8410,9400
8410,9420
8410,9440
8410,9460
8410,9480
8420,8700
8420,8720
8420,8740
8420,8760
8420,8780
8420,8800
8420,8820
8420,8840
8420,8860
8420,8880
8420,8900
8420,8920
8420,8940
8420,8960
8420,8980
8420,9000
8420,9020
8420,9040
8420,9060
8420,9080
8420,9100
8420,9120
8420,9140
8420,9160
8420,9180
8420,9200
8420,9220
8420,9240
8420,9260
8420,9280
8420,9300
8420,9320
8420,9340
8420,9360
8420,9380
8420,9400
8420,9420
8420,9440
8420,9460
8420,9480
8430,8700
8430,8720
8430,8740
8430,8760
8430,8780
8430,8800
8430,8820
8430,8840
8430,8860
8430,8880
8430,8900
8430,8920
8430,8940
8430,8960
8430,8980
8430,9000
8430,9020
8430,9040
8430,9060
8430,9080
8430,9100
8430,9120
8430,9140
8430,9160
8430,9180
8430,9200
8430,9220
8430,9240
8430,9260
8430,9280
8430,9300
8430,9320
8430,9340
8430,9360
8430,9380
8430,9400
8430,9420
8430,9440
8430,9460
8430,9480
8440,8700
8440,8720
8440,8740
8440,8760
8440,8780
8440,8800
8440,8820
8440,8840
8440,8860
8440,8880
8440,8900
8440,8920
8440,8940
8440,8960
8440,8980
8440,9000
8440,9020
8440,9040
8440,9060
8440,9080
8440,9100
8440,9120
8440,9140
8440,9160
8440,9180
8440,9200
8440,9220
8440,9240
8440,9260
8440,9280
8440,9300
8440,9320
8440,9340
8440,9360
8440,9380
8440,9400
8440,9420
8440,9440
8440,9460
8440,9480
8450,8700
8450,8720
8450,8740
8450,8760
8450,8780
8450,8800
8450,8820
8450,8840
8450,8860
8450,8880
8450,8900
8450,8920
8450,8940
8450,8960
8450,8980
8450,9000
8450,9020
8450,9040
8450,9060
8450,9080
8450,9100
8450,9120
8450,9140
8450,9160
8450,9180
8450,9200
8450,9220
8450,9240
8450,9260
8450,9280
8450,9300
8450,9320
8450,9340
8450,9360
8450,9380
8450,9400
8450,9420
8450,9440
8450,9460
8450,9480
8460,8700
8460,8720
8460,8740
8460,8760
8460,8780
8460,8800
8460,8820
8460,8840
8460,8860
8460,8880
8460,8900
8460,8920
8460,8940
8460,8960
8460,8980
8460,9000
8460,9020
8460,9040
8460,9060
8460,9080
8460,9100
8460,9120
8460,9140
8460,9160
8460,9180
8460,9200
8460,9220
8460,9240
8460,9260
8460,9280
8460,9300
8460,9320
8460,9340
8460,9360
8460,9380
8460,9400
8460,9420
8460,9440
8460,9460
8460,9480
8470,8700
8470,8720
8470,8740
8470,8760
8470,8780
8470,8800
8470,8820
8470,8840
8470,8860
8470,8880
8470,8900
8470,8920
8470,8940
8470,8960
8470,8980
8470,9000
8470,9020
8470,9040
8470,9060
8470,9080
8470,9100
8470,9120
8470,9140
8470,9160
8470,9180
8470,9200
8470,9220
8470,9240
8470,9260
8470,9280
8470,9300
8470,9320
8470,9340
8470,9360
8470,9380
8470,9400
8470,9420
8470,9440
8470,9460
8470,9480
8480,8700
8480,8720
8480,8740
8480,8760
8480,8780
8480,8800
8480,8820
8480,8840
8480,8860
8480,8880
8480,8900
8480,8920
8480,8940
8480,8960
8480,8980
8480,9000
8480,9020
8480,9040
8480,9060
8480,9080
8480,9100
8480,9120
8480,9140
8480,9160
8480,9180
8480,9200
8480,9220
8480,9240
8480,9260
8480,9280
8480,9300
8480,9320
8480,9340
8480,9360
8480,9380
8480,9400
8480,9420
8480,9440
8480,9460
8480,9480
8490,8700
8490,8720
8490,8740
8490,8760
8490,8780
8490,8800
8490,8820
8490,8840
8490,8860
8490,8880
8490,8900
8490,8920
8490,8940
8490,8960
8490,8980
8490,9000
8490,9020
8490,9040
8490,9060
8490,9080
8490,9100
8490,9120
8490,9140
8490,9160
8490,9180
8490,9200
8490,9220
8490,9240
8490,9260
8490,9280
8490,9300
8490,9320
8490,9340
8490,9360
8490,9380
8490,9400
8490,9420
8490,9440
8490,9460
8490,9480
8500,8700
8500,8720
8500,8740
8500,8760
8500,8780
8500,8800
8500,8820
8500,8840
8500,8860
8500,8880
8500,8900
8500,8920
8500,8940
8500,8960
8500,8980
8500,9000
8500,9020
8500,9040
8500,9060
8500,9080
8500,9100
8500,9120
8500,9140
8500,9160
8500,9180
8500,9200
8500,9220
8500,9240
8500,9260
8500,9280
8500,9300
8500,9320
8500,9340
8500,9360
8500,9380
8500,9400
8500,9420
8500,9440
8500,9460
8500,9480
8510,8700
8510,8720
8510,8740
8510,8760
8510,8780
8510,8800
8510,8820
8510,8840
8510,8860
8510,8880
8510,8900
8510,8920
8510,8940
8510,8960
8510,8980
8510,9000
8510,9020
8510,9040
8510,9060
8510,9080
8510,9100
8510,9120
8510,9140
8510,9160
8510,9180
8510,9200
8510,9220
8510,9240
8510,9260
8510,9280
8510,9300
8510,9320
8510,9340
8510,9360
8510,9380
8510,9400
8510,9420
8510,9440
8510,9460
8510,9480
8520,8700
8520,8720
8520,8740
8520,8760
8520,8780
8520,8800
8520,8820
8520,8840
8520,8860
8520,8880
8520,8900
8520,8920
8520,8940
8520,8960
8520,8980
8520,9000
8520,9020
8520,9040
8520,9060
8520,9080
8520,9100
8520,9120
8520,9140
8520,9160
8520,9180
8520,9200
8520,9220
8520,9240
8520,9260
8520,9280
8520,9300
8520,9320
8520,9340
8520,9360
8520,9380
8520,9400
8520,9420
8520,9440
8520,9460
8520,9480
8530,8700
8530,8720
8530,8740
8530,8760
8530,8780
8530,8800
8530,8820
8530,8840
8530,8860
8530,8880
8530,8900
8530,8920
8530,8940
8530,8960
8530,8980
8530,9000
8530,9020
8530,9040
8530,9060
8530,9080
8530,9100
8530,9120
8530,9140
8530,9160
8530,9180
8530,9200
8530,9220
8530,9240
8530,9260
8530,9280
8530,9300
8530,9320
8530,9340
8530,9360
8530,9380
8530,9400
8530,9420
8530,9440
8530,9460
8530,9480
8540,8700
8540,8720
8540,8740
8540,8760
8540,8780
8540,8800
8540,8820
8540,8840
8540,8860
8540,8880
8540,8900
8540,8920
8540,8940
8540,8960
8540,8980
8540,9000
8540,9020
8540,9040
8540,9060
8540,9080
8540,9100
8540,9120
8540,9140
8540,9160
8540,9180
8540,9200
8540,9220
8540,9240
8540,9260
8540,9280
8540,9300
8540,9320
8540,9340
8540,9360
8540,9380
8540,9400
8540,9420
8540,9440
8540,9460
8540,9480
8550,8700
8550,8720
8550,8740
8550,8760
8550,8780
8550,8800
8550,8820
8550,8840
8550,8860
8550,8880
8550,8900
8550,8920
8550,8940
8550,8960
8550,8980
8550,9000
8550,9020
8550,9040
8550,9060
8550,9080
8550,9100
8550,9120
8550,9140
8550,9160
8550,9180
8550,9200
8550,9220
8550,9240
8550,9260
8550,9280
8550,9300
8550,9320
8550,9340
8550,9360
8550,9380
8550,9400
8550,9420
8550,9440
8550,9460
8550,9480
8560,8700
8560,8720
8560,8740
8560,8760
8560,8780
8560,8800
8560,8820
8560,8840
8560,8860
8560,8880
8560,8900
8560,8920
8560,8940
8560,8960
8560,8980
8560,9000
8560,9020
8560,9040
8560,9060
8560,9080
8560,9100
8560,9120
8560,9140
8560,9160
8560,9180
8560,9200
8560,9220
8560,9240
8560,9260
8560,9280
8560,9300
8560,9320
8560,9340
8560,9360
8560,9380
8560,9400
8560,9420
8560,9440
8560,9460
8560,9480
8570,8700
8570,8720
8570,8740
8570,8760
8570,8780
8570,8800
8570,8820
8570,8840
8570,8860
8570,8880
8570,8900
8570,8920
8570,8940
8570,8960
8570,8980
8570,9000
8570,9020
8570,9040
8570,9060
8570,9080
8570,9100
8570,9120
8570,9140
8570,9160
8570,9180
8570,9200
8570,9220
8570,9240
8570,9260
8570,9280
8570,9300
8570,9320
8570,9340
8570,9360
8570,9380
8570,9400
8570,9420
8570,9440
8570,9460
8570,9480
8580,8700
8580,8720
8580,8740
8580,8760
8580,8780
8580,8800
8580,8820
8580,8840
8580,8860
8580,8880
8580,8900
8580,8920
8580,8940
8580,8960
8580,8980
8580,9000
8580,9020
8580,9040
8580,9060
8580,9080
8580,9100
8580,9120
8580,9140
8580,9160
8580,9180
8580,9200
8580,9220
8580,9240
8580,9260
8580,9280
8580,9300
8580,9320
8580,9340
8580,9360
8580,9380
8580,9400
8580,9420
8580,9440
8580,9460
8580,9480
8590,8700
8590,8720
8590,8740
8590,8760
8590,8780
8590,8800
8590,8820
8590,8840
8590,8860
8590,8880
8590,8900
8590,8920
8590,8940
8590,8960
8590,8980
8590,9000
8590,9020
8590,9040
8590,9060
8590,9080
8590,9100
8590,9120
8590,9140
8590,9160
8590,9180
8590,9200
8590,9220
8590,9240
8590,9260
8590,9280
8590,9300
8590,9320
8590,9340
8590,9360
8590,9380
8590,9400
8590,9420
8590,9440
8590,9460
8590,9480
8600,8700
8600,8720
8600,8740
8600,8760
8600,8780
8600,8800
8600,8820
8600,8840
8600,8860
8600,8880
8600,8900
8600,8920
8600,8940
8600,8960
8600,8980
8600,9000
8600,9020
8600,9040
8600,9060
8600,9080
8600,9100
8600,9120
8600,9140
8600,9160
8600,9180
8600,9200
8600,9220
8600,9240
8600,9260
8600,9280
8600,9300
8600,9320
8600,9340
8600,9360
8600,9380
8600,9400
8600,9420
8600,9440
8600,9460
8600,9480
8610,8700
8610,8720
8610,8740
8610,8760
8610,8780
8610,8800
8610,8820
8610,8840
8610,8860
8610,8880
8610,8900
8610,8920
8610,8940
8610,8960
8610,8980
8610,9000
8610,9020
8610,9040
8610,9060
8610,9080
8610,9100
8610,9120
8610,9140
8610,9160
8610,9180
8610,9200
8610,9220
8610,9240
8610,9260
8610,9280
8610,9300
8610,9320
8610,9340
8610,9360
8610,9380
8610,9400
8610,9420
8610,9440
8610,9460
8610,9480
8620,8700
8620,8720
8620,8740
8620,8760
8620,8780
8620,8800
8620,8820
8620,8840
8620,8860
8620,8880
8620,8900
8620,8920
8620,8940
8620,8960
8620,8980
8620,9000
8620,9020
8620,9040
8620,9060
8620,9080
8620,9100
8620,9120
8620,9140
8620,9160
8620,9180
8620,9200
8620,9220
8620,9240
8620,9260
8620,9280
8620,9300
8620,9320
8620,9340
8620,9360
8620,9380
8620,9400
8620,9420
8620,9440
8620,9460
8620,9480
8630,8700
8630,8720
8630,8740
8630,8760
8630,8780
8630,8800
8630,8820
8630,8840
8630,8860
8630,8880
8630,8900
8630,8920
8630,8940
8630,8960
8630,8980
8630,9000
8630,9020
8630,9040
8630,9060
8630,9080
8630,9100
8630,9120
8630,9140
8630,9160
8630,9180
8630,9200
8630,9220
8630,9240
8630,9260
8630,9280
8630,9300
8630,9320
8630,9340
8630,9360
8630,9380
8630,9400
8630,9420
8630,9440
8630,9460
8630,9480
8640,8700
8640,8720
8640,8740
8640,8760
8640,8780
8640,8800
8640,8820
8640,8840
8640,8860
8640,8880
8640,8900
8640,8920
8640,8940
8640,8960
8640,8980
8640,9000
8640,9020
8640,9040
8640,9060
8640,9080
8640,9100
8640,9120
8640,9140
8640,9160
8640,9180
8640,9200
8640,9220
8640,9240
8640,9260
8640,9280
8640,9300
8640,9320
8640,9340
8640,9360
8640,9380
8640,9400
8640,9420
8640,9440
8640,9460
8640,9480
8650,8700
8650,8720
8650,8740
8650,8760
8650,8780
8650,8800
8650,8820
8650,8840
8650,8860
8650,8880
8650,8900
8650,8920
8650,8940
8650,8960
8650,8980
8650,9000
8650,9020
8650,9040
8650,9060
8650,9080
8650,9100
8650,9120
8650,9140
8650,9160
8650,9180
8650,9200
8650,9220
8650,9240
8650,9260
8650,9280
8650,9300
8650,9320
8650,9340
8650,9360
8650,9380
8650,9400
8650,9420
8650,9440
8650,9460
8650,9480
8660,8700
8660,8720
8660,8740
8660,8760
8660,8780
8660,8800
8660,8820
8660,8840
8660,8860
8660,8880
8660,8900
8660,8920
8660,8940
8660,8960
8660,8980
8660,9000
8660,9020
8660,9040
8660,9060
8660,9080
8660,9100
8660,9120
8660,9140
8660,9160
8660,9180
8660,9200
8660,9220
8660,9240
8660,9260
8660,9280
8660,9300
8660,9320
8660,9340
8660,9360
8660,9380
8660,9400
8660,9420
8660,9440
8660,9460
8660,9480
8670,8700
8670,8720
8670,8740
8670,8760
8670,8780
8670,8800
8670,8820
8670,8840
8670,8860
8670,8880
8670,8900
8670,8920
8670,8940
8670,8960
8670,8980
8670,9000
8670,9020
8670,9040
8670,9060
8670,9080
8670,9100
8670,9120
8670,9140
8670,9160
8670,9180
8670,9200
8670,9220
8670,9240
8670,9260
8670,9280
8670,9300
8670,9320
8670,9340
8670,9360
8670,9380
8670,9400
8670,9420
8670,9440
8670,9460
8670,9480
8680,8700
8680,8720
8680,8740
8680,8760
8680,8780
8680,8800
8680,8820
8680,8840
8680,8860
8680,8880
8680,8900
8680,8920
8680,8940
8680,8960
8680,8980
8680,9000
8680,9020
8680,9040
8680,9060
8680,9080
8680,9100
8680,9120
8680,9140
8680,9160
8680,9180
8680,9200
8680,9220
8680,9240
8680,9260
8680,9280
8680,9300
8680,9320
8680,9340
8680,9360
8680,9380
8680,9400
8680,9420
8680,9440
8680,9460
8680,9480
8690,8700
8690,8720
8690,8740
8690,8760
8690,8780
8690,8800
8690,8820
8690,8840
8690,8860
8690,8880
8690,8900
8690,8920
8690,8940
8690,8960
8690,8980
8690,9000
8690,9020
8690,9040
8690,9060
8690,9080
8690,9100
8690,9120
8690,9140
8690,9160
8690,9180
8690,9200
8690,9220
8690,9240
8690,9260
8690,9280
8690,9300
8690,9320
8690,9340
8690,9360
8690,9380
8690,9400
8690,9420
8690,9440
8690,9460
8690,9480
10500,7800
10500,7820
10500,7840
10500,7860
10500,7880
10500,7900
10500,7920
10500,7940
10500,7960
10500,7980
10510,7800
10510,7820
10510,7840
10510,7860
10510,7880
10510,7900
10510,7920
10510,7940
10510,7960
10510,7980
10520,7800
10520,7820
10520,7840
10520,7860
10520,7880
10520,7900
10520,7920
10520,7940
10520,7960
10520,7980
10530,7800
10530,7820
10530,7840
10530,7860
10530,7880
10530,7900
10530,7920
10530,7940
10530,7960
10530,7980
10540,7800
10540,7820
10540,7840
10540,7860
10540,7880
10540,7900
10540,7920
10540,7940
10540,7960
10540,7980
10550,7800
10550,7820
10550,7840
10550,7860
10550,7880
10550,7900
10550,7920
10550,7940
10550,7960
10550,7980
10560,7800
10560,7820
10560,7840
10560,7860
10560,7880
10560,7900
10560,7920
10560,7940
10560,7960
10560,7980
10570,7800
10570,7820
10570,7840
10570,7860
10570,7880
10570,7900
10570,7920
10570,7940
10570,7960
10570,7980
10580,7800
10580,7820
10580,7840
10580,7860
10580,7880
10580,7900
10580,7920
10580,7940
10580,7960
10580,7980
10590,7800
10590,7820
10590,7840
10590,7860
10590,7880
10590,7900
10590,7920
10590,7940
10590,7960
10590,7980
10600,7800
10600,7820
10600,7840
10600,7860
10600,7880
10600,7900
10600,7920
10600,7940
10600,7960
10600,7980
10610,7800
10610,7820
10610,7840
10610,7860
10610,7880
10610,7900
10610,7920
10610,7940
10610,7960
10610,7980
10620,7800
10620,7820
10620,7840
10620,7860
10620,7880
10620,7900
10620,7920
10620,7940
10620,7960
10620,7980
10630,7800
10630,7820
10630,7840
10630,7860
10630,7880
10630,7900
10630,7920
10630,7940
10630,7960
10630,7980
10640,7800
10640,7820
10640,7840
10640,7860
10640,7880
10640,7900
10640,7920
10640,7940
10640,7960
10640,7980
10650,7800
10650,7820
10650,7840
10650,7860
10650,7880
10650,7900
10650,7920
10650,7940
10650,7960
10650,7980
10660,7800
10660,7820
10660,7840
10660,7860
10660,7880
10660,7900
10660,7920
10660,7940
10660,7960
10660,7980
10670,7800
10670,7820
10670,7840
10670,7860
10670,7880
10670,7900
10670,7920
10670,7940
10670,7960
10670,7980
10680,7800
10680,7820
10680,7840
10680,7860
10680,7880
10680,7900
10680,7920
10680,7940
10680,7960
10680,7980
10690,7800
10690,7820
10690,7840
10690,7860
10690,7880
10690,7900
10690,7920
10690,7940
10690,7960
10690,7980
10700,7800
10700,7820
10700,7840
10700,7860
10700,7880
10700,7900
10700,7920
10700,7940
10700,7960
10700,7980
10710,7800
10710,7820
10710,7840
10710,7860
10710,7880
10710,7900
10710,7920
10710,7940
10710,7960
10710,7980
10720,7800
10720,7820
10720,7840
10720,7860
10720,7880
10720,7900
10720,7920
10720,7940
10720,7960
10720,7980
10730,7800
10730,7820
10730,7840
10730,7860
10730,7880
10730,7900
10730,7920
10730,7940
10730,7960
10730,7980
10740,7800
10740,7820
10740,7840
10740,7860
10740,7880
10740,7900
10740,7920
10740,7940
10740,7960
10740,7980
10750,7800
10750,7820
10750,7840
10750,7860
10750,7880
10750,7900
10750,7920
10750,7940
10750,7960
10750,7980
10760,7800
10760,7820
10760,7840
10760,7860
10760,7880
10760,7900
10760,7920
10760,7940
10760,7960
10760,7980
10770,7800
10770,7820
10770,7840
10770,7860
10770,7880
10770,7900
10770,7920
10770,7940
10770,7960
10770,7980
10780,7800
10780,7820
10780,7840
10780,7860
10780,7880
10780,7900
10780,7920
10780,7940
10780,7960
10780,7980
10790,7800
10790,7820
10790,7840
10790,7860
10790,7880
10790,7900
10790,7920
10790,7940
10790,7960
10790,7980
10800,7800
10800,7820
10800,7840
10800,7860
10800,7880
10800,7900
10800,7920
10800,7940
10800,7960
10800,7980
10810,7800
10810,7820
10810,7840
10810,7860
10810,7880
10810,7900
10810,7920
10810,7940
10810,7960
10810,7980
10820,7800
10820,7820
10820,7840
10820,7860
10820,7880
10820,7900
10820,7920
10820,7940
10820,7960
10820,7980
10830,7800
10830,7820
10830,7840
10830,7860
10830,7880
10830,7900
10830,7920
10830,7940
10830,7960
10830,7980
10840,7800
10840,7820
10840,7840
10840,7860
10840,7880
10840,7900
10840,7920
10840,7940
10840,7960
10840,7980
10850,7800
10850,7820
10850,7840
10850,7860
10850,7880
10850,7900
10850,7920
10850,7940
10850,7960
10850,7980
10860,7800
10860,7820
10860,7840
10860,7860
10860,7880
10860,7900
10860,7920
10860,7940
10860,7960
10860,7980
10870,7800
10870,7820
10870,7840
10870,7860
10870,7880
10870,7900
10870,7920
10870,7940
10870,7960
10870,7980
10880,7800
10880,7820
10880,7840
10880,7860
10880,7880
10880,7900
10880,7920
10880,7940
10880,7960
10880,7980
10890,7800
10890,7820
10890,7840
10890,7860
10890,7880
10890,7900
10890,7920
10890,7940
10890,7960
10890,7980
10900,7800
10900,7820
10900,7840
10900,7860
10900,7880
10900,7900
10900,7920
10900,7940
10900,7960
10900,7980
10910,7800
10910,7820
10910,7840
10910,7860
10910,7880
10910,7900
10910,7920
10910,7940
10910,7960
10910,7980
10920,7800
10920,7820
10920,7840
10920,7860
10920,7880
10920,7900
10920,7920
10920,7940
10920,7960
10920,7980
10930,7800
10930,7820
10930,7840
10930,7860
10930,7880
10930,7900
10930,7920
10930,7940
10930,7960
10930,7980
10940,7800
10940,7820
10940,7840
10940,7860
10940,7880
10940,7900
10940,7920
10940,7940
10940,7960
10940,7980
