13200 14518
13320 14598
13260 14558
2000 7425
13450 14678
11353 17584
1020 2624
630 2304
1310 17504
11953 18364
900 7885
660 2344
11873 18044
13810 15038
11893 5154
11893 5074
640 7725
1350 4450
1060 8005
11873 18104
550 7685
11863 18084
11893 18184
760 7805
11513 4654
13440 14678
2100 7525
11553 17724
11843 5014
11923 18284
11853 5034
11743 17844
2190 7605
11603 4734
11863 5114
2170 7605
11883 18124
750 2384
11923 18344
660 2324
730 2364
11893 18284
12003 18464
13470 14698
1250 4370
13190 14518
1040 7985
11953 18344
590 7705
1020 8005
12033 18484
680 2344
720 7785
13350 14598
970 2584
11833 18004
11463 17644
11633 4734
1340 4450
11833 4974
11863 4954
1330 4430
11853 5154
13150 14478
11853 18084
13420 14638
13800 15018
1210 17444
11803 17944
1050 2624
11883 18084
11863 18104
11923 18364
2030 7445
600 7705
11863 18024
11853 17984
2150 7585
11613 17764
11873 18024
11873 5214
11863 18044
11893 5194
13570 14798
900 2504
11443 4574
11723 17824
650 7745
790 7825
13760 14998
13320 14578
11423 17624
11863 18244
11383 17604
11443 4554
11873 5054
11893 18324
11643 17784
13740 14958
710 7785
11863 5194
970 7945
3568 16500
550 2264
840 7865
11843 4954
11683 17804
11883 5094
11963 18364
1960 7405
11863 5034
1270 17484
1180 4310
1350 17524
13560 14798
680 7745
11593 17744
11773 17904
11863 4994
13430 14658
11653 4754
11893 5234
620 2324
13240 14558
11893 18164
940 2564
11933 5234
11543 17724
710 2384
11863 5174
1150 17404
980 7945
11873 18224
12043 18464
13220 14518
710 2364
13400 14618
870 7865
11993 18384
1990 7405
13790 15038
1110 17384
630 2324
2778 17220
660 7745
2220 7645
11863 18284
11913 5114
11883 18184
1990 7445
980 7965
520 2264
600 2284
930 7905
13310 14598
0 2264
2230 7645
900 7905
2190 7585
11873 4994
830 2444
1280 17484
11923 18324
690 7745
11593 4714
1130 17404
540 7685
11813 17944
680 7765
11923 18264
990 7945
13790 15018
11913 18324
1160 4270
670 2344
11893 5214
11863 5214
850 7845
780 7825
13160 14478
13170 14458
1980 7425
11943 18384
12003 18424
610 7725
11993 18404
1260 17484
11823 4934
690 2364
11533 4674
11893 18304
11453 4574
11883 5194
12013 18444
13740 14978
1340 17524
11593 4734
11853 18124
11633 17764
11643 4754
12103 18524
780 2404
1950 7385
1100 8025
11553 4694
11583 4714
1250 4350
11853 18104
11793 4894
11573 4714
870 7885
2070 7485
1000 7965
13480 14698
1040 8005
1320 4430
11883 18164
490 2244
11463 4594
1340 4430
1140 17384
13820 15038
11643 17764
11723 4814
12073 18484
13770 14998
11853 4954
1130 4270
11853 5194
930 2544
1030 8005
1030 2624
570 2284
13240 14538
11493 4614
710 2344
11473 4594
12033 18464
2130 7545
920 7905
2010 7465
13250 14558
1220 4350
11883 5074
950 7925
910 2544
11853 18044
11853 18204
11923 18244
11803 17924
12003 18384
11863 18224
13300 14578
810 2444
750 7785
11693 17804
13840 15058
1190 4290
1210 4330
11783 17904
11903 5154
620 7725
12053 18504
940 7925
11943 18364
13290 14598
11383 4514
11843 18004
13130 14458
11843 17964
13620 14858
11883 18144
12083 18524
11873 4974
11843 5074
13730 14958
11873 18084
11873 18244
1130 8045
1380 17544
11883 5174
1160 4290
11873 18284
11393 17584
3588 16480
1160 17404
11703 4814
11933 18304
700 2344
1240 17464
1150 4290
590 2304
560 7685
13700 14938
1010 2604
1150 4250
2020 7445
1120 4270
1050 7985
11413 4554
11853 5074
13270 14558
720 2364
940 2544
13730 14978
2110 7545
1000 2624
11883 5214
13120 14458
11903 18304
11393 4514
2140 7545
11913 18304
790 7805
1020 7965
11853 18144
1390 4470
2220 7625
11863 5134
11653 4774
13230 14538
11913 5154
11923 5234
12043 18484
13690 14918
11743 4834
11433 17624
810 7845
1120 8045
1360 4450
11673 4774
11913 18224
13400 14638
13680 14918
11893 5054
13180 14478
800 2444
2150 7565
11443 17624
11863 18124
11863 18164
1200 17424
840 7845
13780 15018
2060 7485
11853 5114
11873 5094
11873 18304
13830 15058
1010 7965
1210 4310
1000 2584
11893 5174
11623 4734
2200 7605
11863 5074
11913 5214
12013 18464
11373 4514
11433 4574
13670 14898
11773 17884
630 7725
580 7705
1050 8005
11853 5174
640 7745
1220 4330
13150 14458
580 2284
12093 18524
11903 18184
12043 18444
500 7665
11873 5074
1990 7425
13730 14938
970 7925
690 2344
11893 18144
13680 14938
11623 4754
1000 2604
2030 7465
890 7885
11653 17784
1150 4270
11723 17844
11483 4614
1370 17544
11743 17864
1120 4250
11903 18264
11673 17784
11603 4714
11943 18324
2130 7565
11923 18304
1230 4350
800 7825
2240 7645
2050 7485
11703 4794
670 7745
950 7945
480 7665
970 2564
330 2264
11713 4814
930 2564
720 7765
13460 14678
1170 4270
1110 8045
130 7665
11943 5234
11693 4794
11883 5154
11843 18024
11503 4634
760 2404
13700 14918
11973 18344
2060 7505
11983 18424
11523 4654
610 2304
710 7765
11543 4674
1390 4490
11363 17584
11373 17584
11953 18384
13350 14578
11413 17604
11903 5174
11573 4694
830 7845
560 2284
11883 5134
890 2504
2120 7545
650 2344
11893 18204
13170 14498
11863 5154
12053 18464
2170 7585
11853 5134
11833 4934
11883 18284
13550 14778
11753 17864
1980 7405
840 2464
11993 18424
13750 14978
2240 2244
600 2304
11843 18104
810 7825
11443 17644
13800 15038
740 2384
640 2324
11523 17704
11823 17964
1040 7965
11563 17724
12073 18504
11853 5054
13580 14818
880 7865
1970 7405
2090 7525
11963 18384
11893 18244
11983 18364
1010 2624
11923 5214
1300 4410
1260 4370
900 2524
13190 14498
450 7665
770 2404
1000 7945
13640 14878
13310 14578
850 2464
930 7925
1070 8025
750 2404
2020 7465
1080 8005
1380 4470
11923 5134
770 7805
2050 7465
420 2244
11973 18364
2000 7445
13490 14718
11903 5234
1370 4470
2160 7565
11873 5134
820 7825
11893 18104
12003 18444
1310 4410
490 7665
11883 18244
13520 14738
2140 7565
1220 17444
13380 14618
13710 14958
870 2504
1020 2604
11913 18144
530 2264
880 2504
13440 14658
1010 7985
11903 5214
1200 4330
11873 18164
11913 18344
11853 5014
11603 17744
11683 4794
11863 5094
12063 18504
12023 18444
920 2544
700 2364
11863 18144
1170 4290
730 7785
11843 4994
1300 17504
11573 17724
11543 4694
880 2524
13370 14598
11933 18364
11853 18024
11713 17824
13280 14578
13160 14458
13780 14998
790 2424
1940 7385
2758 17240
13650 14878
11623 17764
11803 4894
11903 5194
13820 15058
1400 4490
13200 14498
1130 17384
11873 5174
1020 7985
11883 18224
650 7725
440 2244
11893 18224
11383 4534
1290 17504
11913 18184
11763 4854
13170 14478
1240 17444
1140 17404
11433 4554
11883 4994
12063 18464
590 2284
13630 14858
760 2384
2768 17240
13670 14918
960 7945
860 2504
11863 5054
11903 18224
11483 17664
11563 4694
11873 18064
1270 4390
11973 18424
11853 18004
11843 18044
11933 18324
11843 5034
990 2624
2070 7505
740 7785
820 2444
980 2604
740 2404
1090 8025
780 7805
11473 17644
2160 7585
910 7905
