9900 22000
1550 6800
8200 10150
8300 10200
900 20400
8300 23700
950 20500
40400 3450
1800 21100
41950 5450
1850 21150
650 6000
8500 23450
750 20150
9650 7850
40150 3100
8500 21750
9800 22400
8900 21500
9850 22350
40200 3150
1050 20400
9250 22600
40900 4100
8400 23550
1100 20450
1650 6950
8000 22200
8350 10200
39550 2500
9000 23150
42000 5500
8250 22250
9900 23750
9100 21450
9700 22400
8900 21450
27550 30650
8600 23300
27150 30400
8900 21400
1650 21050
1050 6400
1550 6950
9350 22550
9650 22600
9350 7800
9550 22700
8500 10250
8850 21500
8250 23650
9600 22450
8750 21650
40550 3750
40600 3700
1650 7050
8250 22050
9500 7800
40050 2950
39500 2600
8400 10200
40800 3800
8300 10050
27600 30650
27050 30250
8400 22100
8150 22150
900 6400
8650 21800
9600 7800
8350 21900
41200 4550
8300 22100
1100 6350
40850 4100
8200 23750
1150 6500
8500 21800
8550 10150
8400 23600
41650 5000
39650 2650
8350 23550
8350 22000
1700 21100
39750 2850
9050 21550
40400 3350
1250 6500
1700 21150
27500 30800
9900 10050
39850 2900
39800 2750
40500 3450
8550 23350
8700 23300
950 20550
8300 23550
9250 22850
1300 6700
9050 21400
1300 20600
1250 6600
1600 21000
39550 2600
8500 23350
27200 30300
1400 20700
8350 21950
1750 21100
9900 22250
8350 10350
9700 22350
9000 23200
27600 30700
1200 20500
8600 21700
41350 4750
9900 22300
8500 21900
1550 6900
39950 2900
41450 4750
8400 10050
39600 2650
8300 22000
1200 6400
1000 20400
9800 22150
9750 22450
41800 5350
40050 3200
9450 22500
39800 2850
1150 20650
27250 30500
950 6150
41600 5100
9850 22200
1250 20550
41950 5300
1400 20750
1450 6750
39950 3100
39700 2700
27750 30800
850 20400
8050 22200
8150 10000
8550 23800
8350 23750
9300 23000
40150 3150
600 20050
41900 5450
8550 23700
8250 23800
42100 5500
39850 3150
40800 3850
1500 20950
1250 6700
8050 22350
9400 22650
1100 20500
39900 2800
1350 20650
9100 21400
1250 6550
1200 6500
41650 5050
1750 7150
750 6250
1650 21100
41500 4750
700 20250
9050 7650
8550 10300
40400 3650
1300 6600
8400 10300
9700 7800
1150 20600
28750 14650
9550 23450
9300 22900
600 6100
8150 23750
40450 3700
1100 6550
9350 22500
1800 21150
800 20100
8150 22050
8500 10200
40250 3350
9100 23000
600 6000
27300 30500
40450 3450
39650 2750
40200 3400
1400 6650
1000 20550
27750 30900
8550 23850
1500 6900
42050 5300
9550 22800
8100 10000
41600 4900
9200 22900
8100 23750
39900 3000
8550 21850
9900 10100
39750 2900
40600 3600
9000 21400
41950 5250
41850 5300
42100 5400
1750 21250
8650 21700
40700 3800
41300 4600
1750 21000
39950 3000
1450 6800
8450 23550
39550 2650
800 6000
41300 4800
8350 10050
9100 22950
9450 22850
39950 3050
9950 22300
8550 10600
8300 23600
40250 3450
42000 5300
1800 21050
41850 5350
40300 3350
8250 21950
8100 22200
39500 2650
8900 23250
1400 6700
650 20150
8950 23150
9850 10000
700 6200
9550 22600
8500 23550
8650 23350
39850 2850
39700 2750
600 20100
8200 22200
8900 21600
41350 4850
9100 21550
1300 20700
40500 3400
41300 4750
9550 22450
8750 21750
9650 7750
40700 3750
40100 3050
9000 21600
42350 5800
39450 2750
8900 23100
8850 23150
39600 2750
8300 21950
750 20050
9700 22550
9900 22050
9200 23000
27700 30900
950 20400
41700 5100
8100 10050
40650 3650
1600 7000
8450 10100
950 6350
42200 5850
40650 3700
8000 7900
8600 10200
9950 23650
40350 3600
9650 7950
1800 21250
9250 23000
8600 10450
40150 3200
40850 4000
40350 3450
9950 22200
9450 22800
9400 22850
40450 3650
8550 10350
27700 30800
700 6000
9700 38900
1100 20550
27550 30850
900 6150
8600 21750
41900 5400
8200 22050
8550 21950
40300 3250
27400 30650
1400 20800
8600 23350
950 6300
1750 21200
9150 22950
850 20200
9500 21800
28850 14700
9950 23750
40850 3900
1400 20900
8700 21650
9800 7950
9600 7900
42350 5850
8700 10450
1200 6650
41300 4700
40450 3400
950 20350
1000 20300
8550 21900
8600 23450
41850 5200
8600 23500
9200 22950
950 6400
9300 22550
1750 6950
8350 21800
9350 23050
39850 2800
40250 3250
41900 5350
800 20250
42150 5450
1350 20700
8200 22100
700 20200
27550 30800
800 20400
40350 3550
9200 21400
9750 22300
1150 20450
8400 23750
9000 21450
8800 21550
39650 2600
8600 10300
8150 10100
9000 23100
27250 30450
8450 21950
41600 5000
9550 7750
9900 22200
8650 23400
39650 2800
40350 3500
8800 21700
8300 21850
9700 22600
1250 6650
41400 4850
9800 7900
41700 5150
41850 5400
9200 21500
40400 3600
8250 22150
8400 21900
1350 6650
40100 3200
8150 22300
27500 30600
9200 21450
9100 23050
750 6200
40800 4000
41450 4850
27600 30850
700 20300
8300 10100
1200 20700
40800 3900
900 6250
41900 5300
8450 21900
27600 30750
8450 23750
8450 10200
42000 5400
40700 3900
9200 23050
1600 6950
41950 5500
8450 23500
27650 30900
1200 20600
1050 20600
27250 30400
8450 22000
1400 6850
1100 6450
8550 21750
600 20150
1250 20650
8450 23400
1500 20850
9750 22500
39900 2750
40150 3300
9100 21500
900 20350
40750 4050
8950 23050
42400 5800
1550 20850
27600 30800
42400 5850
9350 22750
27200 30350
8350 22150
1850 7100
9950 22250
9700 7950
1150 6550
9100 23100
1450 20800
750 6100
8550 10200
40700 4000
27100 30250
8700 23350
1750 21150
41550 5000
9400 22800
27500 30650
8100 22250
800 6300
9050 21450
40000 2950
8150 22200
40050 3100
27500 30750
39400 2550
8650 10300
8550 22000
40500 3500
9550 22550
1500 6750
9900 22150
27350 30450
8950 23100
39850 2750
950 6250
8650 23550
40800 3950
39500 2700
41800 5400
1400 6750
9400 22750
8400 21950
39700 2800
9150 7700
40450 3550
800 20450
8450 23700
8350 10100
1350 6750
27400 30600
8250 10150
28700 14700
8500 10350
40600 3850
27250 30350
41550 4950
40300 3400
40850 3800
8550 23500
9650 21700
650 20300
27450 30550
8200 23700
9250 7800
8250 22200
8300 23650
950 20450
40000 3150
9600 22550
1700 6950
39800 2700
1050 20550
8150 23800
8800 23300
1850 7050
1000 6350
8750 10350
39450 2700
9550 22500
9050 22950
42050 5450
650 20200
8350 10150
9350 23000
9850 22150
9650 22500
650 6050
1200 6450
8550 23550
8150 22250
1400 6800
39700 2650
1600 6900
1200 20650
41400 4750
39800 2950
9100 7650
8250 10050
8700 21700
1800 7100
800 20300
9300 23050
9150 22900
40600 3750
1500 6850
41650 4950
40650 3750
8600 23400
9800 22250
8150 23700
1050 20350
8600 21850
8100 22150
9300 22950
40100 3100
9400 7850
42100 5450
8150 22100
9950 10100
8700 10350
8700 21750
8950 23200
41950 5350
8000 7950
9050 23050
40750 3800
9500 7900
1150 20500
9400 7800
8450 10250
9400 22600
850 6200
800 20050
8000 22250
800 20200
40450 3600
8250 10000
40450 3500
9000 21500
700 20050
27700 30850
8350 10000
8600 10350
40850 3950
8350 23700
8350 23800
8450 21850
39600 2500
9000 21550
41750 5200
1550 21000
8150 10150
27450 30600
41250 4550
900 20200
1850 7150
27300 30550
9950 22050
9650 23300
8600 21950
39550 2800
9150 21400
40550 3700
41250 4650
9250 23050
750 6150
9800 22200
9500 22550
1100 6300
8350 10300
42200 5550
39950 3150
40850 3850
9300 22850
9650 22550
8400 22000
900 20450
8950 21650
27200 30500
1000 6200
9050 23200
8200 22300
9900 22350
9050 21500
42300 5800
700 6100
39450 2500
28800 14700
1800 7050
600 6050
800 20150
1000 20500
27700 30950
9500 22450
9600 7750
9300 22650
8450 21800
8300 21900
750 6000
9350 22700
27100 30350
1700 7100
800 6150
8600 10250
8100 22050
40300 3500
1400 20850
1200 20550
9250 22950
9200 22700
9300 22800
1200 6600
41250 4600
8550 10550
8650 10350
9500 23500
8250 21900
27200 30450
41800 5300
9800 22350
9150 22850
1550 6850
1450 20950
8500 10300
1050 20450
9700 7850
8100 22100
1150 6400
9600 7850
800 20350
9600 22650
27550 30700
9950 22000
900 20250
40700 3950
9950 22150
8250 23700
39850 2700
900 6300
9050 23100
1850 7000
8650 10250
1250 20700
1000 6450
1700 21050
40050 3000
9300 22600
1050 6250
8900 23150
40900 4200
8750 23300
39750 2700
8450 23600
41500 4950
650 6100
1050 6450
9900 10000
41300 4650
41500 4900
8150 10050
8400 23500
1350 6800
40400 3400
27350 30550
42050 5400
9550 22650
9500 22600
1600 7100
1050 6300
40650 3950
39550 2700
1800 7150
40750 3950
40500 3800
9400 22500
8000 22350
900 20500
9450 22600
650 20100
9350 22800
40200 3350
1650 21000
9350 22600
1850 21100
9150 23150
1200 6550
8300 22150
1300 6650
850 6100
39800 2800
9950 23700
27700 30750
40500 3700
650 20000
650 20250
8200 21950
39550 2750
28650 14650
40700 3700
1850 21250
9600 22600
27200 30400
8300 22050
700 20100
9550 7800
9150 21450
600 20000
9650 7900
40550 3800
42050 5350
1300 20650
40550 3550
850 6300
39350 2500
39600 2800
8250 23750
9650 22400
8400 21800
40150 3250
39700 2850
42000 5250
8500 10150
8400 10250
8700 21850
1350 20600
1800 21200
41400 4700
1000 6400
8950 21550
41400 4800
1100 20400
42150 5500
42000 5450
40500 3750
700 20000
8650 21750
40350 3400
9550 23400
42100 5350
40550 3600
40350 3350
1600 20950
700 6050
9150 23050
1700 21000
39550 2550
27350 30650
9250 22700
1200 20450
800 6050
8950 21450
28700 14650
9150 23100
8050 22250
42150 5550
1350 6700
41800 5200
9850 22250
1150 6450
8400 23650
9900 22100
8550 10250
9600 22500
8650 10500
39900 3050
40300 3300
750 20100
1150 20550
27150 30300
39600 2550
40050 3050
8600 21800
8200 22150
